# n_estimators, min_samples_split, max_depth, max_features, min_samples_leaf, target
7.255657956144092680e+01,8.709967770116929131e+00,1.446756074347715781e+01,5.363786654681080845e-01,7.747566417879040657e+00,8.561091457098974900e-01
1.000585218743416078e+02,1.003075275703107572e+01,1.929907136245254833e+02,4.451146169045510081e-01,4.492682655050669993e+00,9.072981558354419329e-01
8.214555955111619312e+01,1.942943239565373048e+01,1.386135258541559665e+02,2.635038200013726239e-01,1.089022183769958518e+00,9.257276693191336392e-01
7.809292518132306782e+01,2.387307352303640684e+01,1.082651605990291586e+02,4.217314934551202876e-01,1.739613421289133210e+00,9.213909543738421082e-01
1.882870217793740721e+02,1.334505825300875692e+01,4.230304389433891288e+01,2.260187015085649564e-01,3.474836520852188304e+00,9.146586277125878794e-01
1.630402804250925328e+02,2.461849523845054932e+01,1.080277360654493748e+02,4.906105134335095874e-01,3.066017864550419691e+00,8.945944886549618280e-01
1.846797471040017911e+02,4.054856833463571064e+00,8.982724543352475166e+01,7.510722396865141537e-01,5.590543022363002379e+00,8.852060649403860060e-01
1.010486938049242553e+02,1.537398668323665518e+01,1.368351217444542272e+02,1.581219608339675120e-01,2.180286809446202234e+00,9.197057832294470714e-01
2.003939409618897116e+01,1.440484636166882026e+01,1.792473592365334980e+02,8.235935947177025485e-01,6.624334562966910589e+00,8.735138754003182182e-01
1.152310843431168905e+02,1.664035862690516865e+01,2.303083896056775615e+01,7.218633922914147183e-01,8.605683333089245934e+00,8.718179206807595838e-01
2.453541106805263610e+02,1.717686333913928109e+01,4.953412568317644649e+00,8.448271193243492849e-01,1.999099776837355957e+00,2.986395319421527583e-01
1.535911120936089560e+02,2.000000000000000000e+00,5.776983365286728400e+01,1.000000000000000056e-01,1.000000000000000000e+00,9.410959199657715768e-01
1.000000000000000000e+01,2.000000000000000000e+00,7.818945129623035939e+01,1.000000000000000056e-01,1.000000000000000000e+00,9.300181205943737206e-01
1.633031643424151582e+02,2.500000000000000000e+01,5.693238825309249762e+01,1.000000000000000056e-01,1.000000000000000000e+01,8.781439382855913411e-01
2.037971496260610138e+02,2.000000000000000000e+00,2.000000000000000000e+02,1.000000000000000056e-01,1.000000000000000000e+00,9.417609245815559138e-01
1.659116580491323703e+02,2.500000000000000000e+01,2.000000000000000000e+02,1.000000000000000056e-01,1.000000000000000000e+00,9.357489613357689029e-01
1.630984075408043168e+02,2.000000000000000000e+00,2.000000000000000000e+02,1.000000000000000056e-01,1.000000000000000000e+00,9.391003422371302367e-01
4.887184674974908205e+01,2.000000000000000000e+00,1.141214191562539781e+02,1.000000000000000056e-01,1.000000000000000000e+00,9.377087996255859537e-01
1.705206856657572700e+02,2.000000000000000000e+00,4.148737464473930459e+01,6.091749206238055159e-01,1.000000000000000000e+00,9.197002520527911562e-01
1.013113714693937339e+02,2.000000000000000000e+00,7.498366133357278329e+01,8.726615644974142771e-01,1.000000000000000000e+00,9.116899359500030275e-01
1.513211183282610328e+01,2.500000000000000000e+01,1.130103696176032031e+02,1.000000010243920212e-01,1.000000000000000000e+00,9.300527544561145721e-01
1.000000000000000000e+01,2.500000000000000000e+01,1.151993019195740331e+01,1.000000000000000056e-01,1.000000000000000000e+00,8.141153085043404403e-01
2.461285874711763313e+02,2.500000000000000000e+01,2.000000000000000000e+02,1.000000001160621516e-01,1.000000000000000000e+00,9.364178576568391588e-01
2.500000000000000000e+02,2.000000000000000000e+00,2.000000000000000000e+02,9.989999999999999991e-01,1.000000000000000000e+00,9.106809330142651149e-01
1.880511393058637850e+02,1.755381847776158111e+01,1.689828514030054407e+02,9.171045956644712227e-01,1.000000000000000000e+00,9.033127827256265396e-01
3.771381179744608403e+01,1.693245918167962571e+01,9.127513858293268356e+01,1.086685061764250532e-01,1.000000000000000000e+00,9.307143108353725935e-01
3.530083180544355770e+01,9.107221855211063755e+00,1.229134382985656515e+02,2.412237490628900694e-01,1.000000000000000000e+00,9.304146243752396961e-01
2.328939767099667506e+02,2.354102407050583068e+01,1.995780513296045626e+02,5.223421744028746705e-01,6.734258375636310134e+00,8.835684089323855295e-01
1.784503961958817513e+02,1.270683854826245351e+01,6.552515944917703905e+01,5.329859815571881265e-01,1.000000000000000000e+00,9.123448858412359641e-01
1.461548294638549805e+02,2.005169183712931957e+00,1.313204041419278951e+02,3.123416256692849169e-01,1.000000000000000000e+00,9.257188368246762611e-01
1.921054176114063239e+02,2.499999999826115982e+01,2.000000000000000000e+02,6.291089430948332284e-01,1.624528558810349521e+00,9.016489679864069240e-01
1.241945045490433017e+02,2.101733975602274285e+01,1.958986890437389548e+02,3.714439337856217938e-01,1.000000000000000000e+00,9.223646850227540384e-01
1.297796881977283192e+02,2.000000000000000000e+00,1.713484157923181499e+02,1.000000003807291898e-01,1.000000000000000000e+00,9.404264708561596020e-01
5.363497802515596646e+01,2.980877265711177948e+00,1.561124521397998421e+02,3.004906228921638278e-01,1.432596792663148433e+00,9.250263428643572539e-01
3.718372335985075239e+01,2.654665949506241240e+00,1.957858980280181243e+02,1.000000000000000056e-01,1.000000000000000000e+00,9.403882766151527850e-01
5.222121795710817338e+01,6.887075279761556423e+00,1.908222503768398326e+02,7.883972806417333112e-01,2.679240299210014165e+00,9.120154955911630168e-01
1.252603982125759075e+02,5.276237186242120458e+00,1.242424694253983262e+02,4.969460444837200397e-01,1.128184627896880121e+00,9.173527720881912151e-01
1.321583321098461568e+02,1.201737424434956658e+01,1.551127095433532190e+02,1.000000000000000056e-01,1.000000000000000000e+00,9.421015089726882952e-01
1.103435884943915113e+02,1.400379967154624516e+01,1.727579891974815212e+02,2.157164656753911558e-01,1.754362570154760048e+00,9.297339741667161039e-01
1.368323771563618436e+02,5.217964126424841531e+00,1.597865134682238875e+02,9.460881025466723049e-01,1.000000000000000000e+00,9.086820311282404194e-01
1.371929646084961973e+02,3.039282318919746206e+00,1.992139954672149713e+02,1.000000000000000056e-01,2.115383631605653125e+00,9.350721689931068559e-01
2.487954851752312209e+02,2.117162741916460078e+01,1.381329737804480260e+02,4.139059293937155104e-01,1.000000000000000000e+00,9.207052396723807153e-01
2.408492613150181683e+02,2.098933203558854643e+01,1.795759071635665123e+02,1.302975864214044877e-01,1.240548234819821571e+00,9.327525087799694026e-01
1.380345070134499110e+02,2.406816453518994336e+01,1.735302844756901379e+02,4.225966998468220215e-01,1.096330913170260102e+00,9.190430869654004908e-01
5.381561218266351432e+01,1.620888005666395060e+01,5.887485303355694555e+01,6.622802263609040008e-01,2.503515083891946880e+00,9.023234523527075002e-01
2.256455848032815936e+02,5.283948110473047244e+00,1.197894120234126376e+02,1.000000000000000056e-01,2.220509048689975451e+00,9.300310487497560619e-01
2.049679724708882702e+02,1.465733058297788105e+01,1.185556357377562193e+02,5.098831252562707750e-01,1.096832060680099641e+00,9.180110350440608968e-01
1.264775234061703770e+02,2.233542557886857338e+01,4.560228755584252269e+01,4.434280148314901915e-01,1.945274835940740132e+00,9.167114063772127119e-01
1.486611551307416335e+01,2.285350715539382183e+00,1.295469920059723279e+02,8.033421659156676498e-01,1.488424864637633904e+00,9.042947292540274296e-01
1.198167889106402981e+02,2.182725262877754702e+01,1.493006264301608041e+02,5.545052540306824040e-01,1.650626181741765119e+00,9.093381277692096365e-01
2.490725776887441612e+02,1.898015647443530085e+01,1.671338097179050806e+02,2.358959649496241151e-01,1.000000008042329247e+00,9.280627601695286000e-01
1.315331639297203736e+01,2.299406575102801042e+01,8.773886615361796260e+01,2.421774500032967126e-01,1.651837497991479831e+00,9.217193225145059454e-01
1.429079203922353543e+02,3.007278058609110349e+00,8.782716126521755484e+01,5.400443121037207250e-01,1.447900954585108035e+00,9.180313501668596610e-01
8.799555871750295921e+01,8.342169909294739227e+00,1.587812702300397518e+02,2.211965452482691774e-01,2.259427405250280518e+00,9.273847426809107564e-01
2.334615688408366623e+02,1.289282193676735488e+01,1.551163629842592968e+02,1.000000000000000056e-01,3.267274429353061560e+00,9.266685944952405274e-01
5.354654793095736665e+01,1.959266636527077665e+01,1.383461735747849843e+02,6.579719488961365270e-01,1.346801300825789527e+00,9.049947127120328005e-01
9.924005953456425289e+01,2.340009015656144697e+01,5.975793315389486082e+01,2.178058633115561860e-01,1.058149817997754205e+00,9.287277722114453127e-01
8.628373888816901172e+01,5.062166380633269291e+00,1.972896247386796915e+02,2.381281772592184487e-01,1.101782411841859544e+00,9.297362639995746525e-01
2.123322117902762614e+02,1.239174396158017899e+01,1.420256691958922772e+02,3.747921036049172705e-01,1.000000000606123596e+00,9.250520876455384789e-01
7.264998609253090933e+01,5.927197887535476717e+00,1.364767756675829276e+02,2.529142926934804247e-01,1.184428140048046307e+00,9.260499460684672446e-01
1.473566956107342492e+02,1.021293245727405186e+01,1.972653196061664289e+02,1.248671941743521724e-01,1.195846005270722934e+00,9.344094880496056632e-01
2.297139347699285565e+02,3.999202871869845133e+00,1.446479846846481507e+02,1.000000002414584144e-01,1.000000000493824537e+00,9.404381460649213764e-01
8.056176619889109247e+01,2.000000000000000000e+00,1.046295125498643728e+02,3.177060880183124603e-01,1.000000000062323702e+00,9.257126366747485680e-01
3.013094983667515692e+01,3.316448828232161361e+00,9.978194302593385601e+01,2.731981994322357221e-01,1.624592319729181611e+00,9.284191364180364170e-01
1.219551151764605521e+02,3.076337753221575877e+00,3.566765021410849101e+01,3.519910788377078603e-01,5.450857259105355013e+00,9.019265916549578099e-01
2.991746495628859037e+01,8.259227278858366716e+00,7.558659880982823154e+01,1.000000000000000056e-01,1.072520243208780810e+00,9.417295508649635716e-01
1.206399053307373492e+02,1.921468515440164637e+01,9.100241015020577606e+01,1.208625871807796071e-01,2.264003003004062098e+00,9.290789190905954786e-01
1.211490857603263294e+02,1.741396341088377753e+01,7.341215769204509911e+01,1.795464190950432914e-01,1.575832910958499866e+00,9.287272119967709960e-01
9.090774268790467261e+01,5.975752480901137531e+00,1.680299451908669255e+02,1.000000000000000056e-01,1.472174723927550666e+00,9.440876226467350696e-01
2.620140053790779433e+01,1.546601666817002219e+01,1.987292703898100115e+02,1.023890822908891801e-01,3.863729471830566364e+00,9.149385971460114453e-01
1.213744662801396572e+02,4.547800717128827941e+00,1.856908784291269683e+02,4.446662797386043975e-01,2.564529498913394878e+00,9.193561486408541317e-01
1.133340673833565688e+02,2.681745060491279808e+00,1.761650744752799937e+02,7.260477679374565119e-01,1.155438781675172555e+00,9.166860905879025134e-01
2.359802752049174046e+02,2.142511194460109891e+01,1.213965848529652760e+02,1.455652915046924123e-01,1.050729452509362893e+00,9.293966685325155686e-01
2.453183965959092916e+01,4.313115532240256123e+00,5.069451846033732778e+01,1.000001721177541797e-01,1.313838189996244576e+00,9.377216589972187100e-01
2.690832483033997846e+01,3.698000791846965285e+00,7.229963416854731406e+01,2.089940674497913764e-01,7.590059441730370615e+00,8.969400737495814013e-01
2.327196728827601362e+02,6.019640622166783750e+00,1.756978988082106241e+02,6.055719387855749147e-01,1.872831247977529312e+00,9.126603873737026973e-01
9.251163758372933898e+01,8.151189051949236486e+00,4.902968837137255065e+01,1.000000000000000056e-01,1.121114520840449602e+00,9.397681329811169437e-01
1.446323119367761194e+02,1.224523628844230316e+01,1.150492562583993674e+02,1.000000000000000056e-01,1.201153739333823189e+00,9.427670663770143511e-01
1.075443866361940053e+02,9.453394247159275565e+00,4.270334467665652767e+01,1.444042970071034437e-01,1.100759146277679346e+00,9.347456056685128356e-01
1.489808271187203275e+02,1.857379120634317005e+01,1.358966684226335246e+02,1.000000000000000056e-01,2.351753450587298566e+00,9.297264436859450365e-01
7.182733408632488192e+01,4.960083803318299900e+00,1.778602724748672586e+02,2.716953264931903367e-01,2.613515761904904977e+00,9.223703476117812716e-01
1.006894247241732927e+02,1.302850153136584410e+01,2.474191299276966305e+01,3.145977466139066592e-01,1.031066813768216184e+00,9.149903083567039186e-01
1.532287046315140913e+02,1.137460824291327910e+01,4.515582664072748287e+01,4.353157157099189489e-01,1.663662922340474637e+00,9.207081346520846754e-01
1.334967170613063558e+02,7.215770665965013819e+00,1.772213486688442288e+02,1.321191707719462372e-01,1.111256543141110997e+00,9.361003293020646598e-01
2.229486585174944366e+02,9.052887079393858727e+00,8.985724297442935438e+01,2.355084233967055796e-01,1.973730260411327819e+00,9.287221924360041792e-01
1.071597201805262358e+02,2.438561394509962454e+01,9.993772856932156401e+01,1.545462118841154087e-01,1.750845126017393172e+00,9.297271800555936272e-01
7.096110188589447887e+01,1.796191799216602192e+01,9.263831291276450486e+01,3.017749344095264075e-01,1.674769971467632956e+00,9.250487524883126422e-01
5.979452381135654804e+01,4.497059970414988506e+00,8.764789788918220381e+01,1.669341940963843252e-01,3.039421041296121118e+00,9.210046078477974740e-01
2.130630450291001239e+02,1.013749614114166953e+01,7.971763559660153931e+01,3.089879155503582053e-01,1.471064291722399053e+00,9.260560035274689739e-01
2.327486655239730453e+02,1.968581061658882803e+01,1.417647197305576015e+02,3.502342337102189451e-01,1.744279386143832600e+00,9.230442370803265684e-01
4.653806544922888833e+01,6.462973070095089589e+00,5.557597747954963552e+01,5.876996019647654501e-01,1.404631601260646567e+00,9.203865421965682359e-01
7.765844118013843911e+01,8.932886652160116014e+00,5.321448499114512742e+01,1.000000000000000056e-01,1.000000000590170135e+00,9.417514938981053074e-01
6.584323835834008776e+01,1.762724867707799348e+01,1.809519937546622259e+02,1.000000000000000056e-01,1.307540072036381451e+00,9.381009005535574374e-01
1.754066065420380767e+02,9.497649234235826299e+00,1.869720338102077051e+02,1.852407327552796912e-01,1.565912879159449433e+00,9.317283341755342452e-01
2.148853425015223877e+02,2.136646439426958466e+01,9.223679222791353993e+01,2.627672292708232993e-01,3.094739488619210999e+00,9.093005017301942772e-01
2.197393462050752930e+02,8.129376971518389894e+00,1.660669504913786056e+02,2.095873913932351229e-01,1.294890970558621124e+00,9.293871970517884051e-01
7.301945237963700208e+01,3.546429453779366359e+00,3.928555902990029836e+01,6.353870511338408633e-01,2.803912127498765283e+00,9.140177623389437178e-01
8.265790645507547652e+01,1.159757981324996834e+01,7.433994049940137927e+01,1.000000000000000056e-01,1.000000000000000000e+00,9.440926422075019975e-01
1.858600528108953256e+02,8.263523581006825935e+00,1.295504170620121158e+02,9.953906501131271067e-01,1.284959250800689512e+00,9.053021080389406228e-01
7.879756924517883476e+01,1.471342494124323785e+01,1.952094664557835415e+02,2.364525475672298593e-01,1.941556449162900044e+00,9.303927712064401501e-01
2.472275159977243106e+02,2.023578916784499526e+00,1.258007499990331155e+02,1.026070560111691787e-01,6.576972718222205749e+00,9.082981164681320774e-01
1.333819707351142654e+02,1.137210997700212900e+01,6.301307569859834246e+01,3.043877250524187339e-01,1.032450133336107578e+00,9.293871294658437865e-01
2.979565838979930348e+01,2.055407599268331253e+01,1.732984168197577901e+02,3.607781279874466840e-01,2.294410438394046459e+00,9.133690312094217001e-01
1.480283241089369142e+02,1.336456232013271261e+01,1.330180510524888291e+02,1.605039429213291624e-01,1.129653470727320252e+00,9.323972491083877268e-01
5.368276820602238786e+01,4.990092299864705261e+00,7.715506637752601193e+01,3.837478828841467959e-01,1.449268735101831185e+00,9.226924140842440725e-01
2.375297721603101309e+02,2.384178704334467103e+00,1.080776506230532021e+02,5.439399847850349135e-01,1.000474474731148700e+00,9.153416312050204340e-01
2.077565432992910814e+02,5.763509941082725518e+00,1.361529164423526765e+02,1.673094896011927402e-01,1.000000010383546467e+00,9.310650176299052339e-01
1.550094115426127530e+02,1.912554536927687110e+01,1.194973303624631740e+02,1.284502743118299539e-01,1.000000000000000000e+00,9.344083825654262432e-01
8.737071517556935873e+01,1.966980137692490160e+01,1.683166386703342710e+02,1.000000000000000056e-01,1.000000000000000000e+00,9.404209430636456535e-01
7.461005900239568689e+01,1.417659226092519198e+01,3.896091819626451525e+01,4.144826354587925477e-01,1.421515251640495858e+00,9.240537255940376449e-01
