# n_estimators, min_samples_split, max_depth, max_features, min_samples_leaf, target
1.536628326187888547e+02,1.599089658804238034e+01,1.790526178304209282e+02,7.672702573803937831e-01,1.422287155095061095e+00,1.000000000000000000e+00
2.477124901261944672e+02,1.923720378338209258e+01,5.262874105806520042e+00,4.291374643095137165e-01,8.012034368994346067e+00,9.939799162758701234e-01
2.228449657738890437e+02,1.612998709476097758e+01,1.182080983460610035e+01,7.216005487058848589e-01,1.623195652901057162e+00,1.000000000000000000e+00
7.647345951355910643e+01,2.299056952430966305e+01,1.950810328300176977e+01,7.650376635049298546e-01,8.994258457053728506e+00,1.000000000000000000e+00
2.441646438072525598e+02,1.392853487262236989e+01,5.663596994255890849e+01,1.187496593083127300e-01,8.284824584071939668e+00,9.996661101836394892e-01
2.452368456398228034e+02,2.206230142627116209e+01,4.759478266079906916e+01,4.202381777261249285e-01,2.964463705286165762e+00,1.000000000000000000e+00
1.545210248377920870e+01,2.349240454225355990e+01,1.114535323722672047e+02,2.065536796975361022e-01,2.150283340351543337e+00,9.949916527545908940e-01
1.773879554494567969e+02,8.605025001447572208e+00,1.741490394826685701e+02,3.666458873382859585e-01,9.981032224401868547e+00,9.993322203672787563e-01
2.414945112003337329e+02,1.490662191377987256e+01,1.336204540149777813e+02,5.563520655422823369e-01,7.343962554984059921e+00,1.000000000000000000e+00
1.333700739584387520e+02,7.675092863966563428e+00,1.527542858139215411e+02,8.170957321964468223e-01,1.164113783605760677e+00,1.000000000000000000e+00
1.941321557560783901e+02,1.539113010347288046e+01,6.139763889074499303e+01,2.583997161940437270e-01,1.871918960505490226e+00,1.000000000000000000e+00
4.657713923941255274e+01,1.014229116831138633e+01,8.876008751443199785e+00,5.232781428633414000e-01,3.732878434579036231e+00,1.000000000000000000e+00
1.037141214883116049e+02,2.220137110596382257e+01,4.775362163611305277e+00,2.871477150324861505e-01,3.025428728340332718e+00,9.889659762362172923e-01
6.492698773326206663e+01,6.158577338674879442e+00,5.178933718436724831e+01,3.498180794731422516e-01,8.087914564403902773e+00,1.000000000000000000e+00
1.717777297049182650e+01,2.184763634108404773e+01,5.408008256401227953e+01,8.590525933380458445e-01,3.173671423647859591e+00,1.000000000000000000e+00
1.853813087051567550e+02,2.321285356091402008e+01,1.424343851586540950e+02,2.817689604671390069e-01,8.799771415173156086e+00,1.000000000000000000e+00
4.459220182662705412e+01,2.109753722851555224e+01,3.391669740040208580e+01,9.313673151083330382e-01,1.389605158322761769e+00,1.000000000000000000e+00
3.685954561422209963e+01,2.090783699928685380e+01,9.424374620021790605e+00,1.109492313462378948e-01,9.799086574921828330e+00,9.956549581519171799e-01
2.304697355094600084e+02,1.095911507975628041e+01,1.932407907621279719e+02,7.793435989470323122e-01,1.741923682870913259e+00,1.000000000000000000e+00
2.106256223025532961e+02,3.600885045070763901e+00,9.908926742710866620e+01,6.643382209893271551e-01,1.746673444675505449e+00,1.000000000000000000e+00
1.402591050366992143e+01,2.492713945903872741e+01,1.946354337169436803e+02,5.944087590112077102e-01,1.374424672775528267e+00,1.000000000000000000e+00
2.173011754151505386e+02,6.401431486249568259e+00,2.955976116867880421e+01,8.837518826011931949e-01,5.229447708169489673e+00,1.000000000000000000e+00
1.643115077496563714e+01,5.222915953421241042e+00,1.997648459240856482e+02,5.156502287759882064e-01,6.218533527247758208e+00,1.000000000000000000e+00
7.457496628261523597e+01,7.150574383421927749e+00,3.133150206404297577e+01,4.356966148975802700e-01,1.555064668409086748e+00,1.000000000000000000e+00
1.262992780160904687e+02,2.187753532496186537e+01,1.972413691465974637e+02,3.080489196290008280e-01,9.811369250584657919e+00,1.000000000000000000e+00
8.313235171189172945e+01,2.684568819469018930e+00,1.979905493428678938e+02,4.348595971693683948e-01,4.157925291026046466e+00,1.000000000000000000e+00
2.150484903064169089e+02,2.183636574373163342e+01,6.988035048577060593e+01,3.355370787177406333e-01,6.580609303683516487e+00,1.000000000000000000e+00
2.081984727027591475e+02,2.396705898531664047e+01,1.304178399030239746e+02,9.316098044557072910e-01,1.018930238840942248e+00,1.000000000000000000e+00
2.456724020494558545e+02,1.268417883321609452e+01,8.024451512627523186e+01,6.706836550664585506e-01,1.067377036800191581e+00,1.000000000000000000e+00
2.048302976451123669e+01,2.648644686573352836e+00,5.563700802781040977e+01,2.413287050971552328e-01,4.124370245189998840e+00,1.000000000000000000e+00
2.469611493488959013e+02,2.240985635244987151e+01,1.963815673664320798e+02,8.131300777741814478e-01,5.931608937132343939e+00,1.000000000000000000e+00
6.141153787579766998e+01,2.987557776324730519e+00,2.068737003711535749e+01,6.475626228365914949e-01,8.080417591920131315e+00,1.000000000000000000e+00
1.108340392478788488e+02,1.778549859427801749e+01,1.029625832455767380e+02,8.687040221074557866e-01,6.347484572122547242e+00,1.000000000000000000e+00
6.222033623860060914e+01,2.405624024672660966e+01,4.356455977997981677e+01,3.433937646244272779e-01,3.310011084920082336e+00,1.000000000000000000e+00
6.548666112312798759e+01,2.315477878480994178e+01,1.974472949637984982e+02,8.142213703037070038e-01,7.679613787848002637e+00,9.996661101836394892e-01
1.384255008251979291e+02,2.047112611182159814e+00,1.154898225935555445e+02,8.791605805608638802e-01,8.527491196425089015e+00,9.996661101836394892e-01
6.531624624470833851e+01,1.975643640868488404e+01,2.921867251874188298e+01,5.442370156808036263e-01,3.170794455024668945e+00,1.000000000000000000e+00
1.684126328823356289e+02,2.181795720231643188e+01,8.603029178993884329e+01,7.629311549310917595e-01,3.922748029455449092e+00,1.000000000000000000e+00
2.466511650865388390e+02,1.380981445678439457e+01,1.701422922900308095e+02,9.381324503596543130e-01,3.426161199270358448e+00,1.000000000000000000e+00
7.658455640226517858e+01,2.241013030342724477e+01,5.112837461317472787e+01,9.775339388342509928e-01,8.759569467274411991e+00,9.996661101836394892e-01
1.327747345506556371e+02,2.341446586975769151e+01,1.123150340468088899e+02,9.154556964156088661e-01,1.083572740180331007e+00,1.000000000000000000e+00
2.771186320889840715e+01,9.142389159085318795e+00,6.999451531611947530e+01,9.259202454096494561e-01,1.019732880475986203e+00,1.000000000000000000e+00
1.909728701612852717e+02,2.062935879235622849e+01,1.996298489895914656e+02,9.675149753457783497e-01,3.208095948170582190e+00,1.000000000000000000e+00
8.191469747062231477e+01,3.349034533048454332e+00,1.383822448669600078e+02,6.618002447489406137e-01,1.174617379248268589e+00,1.000000000000000000e+00
2.226989842517527904e+02,1.805581241836240736e+01,2.498233788512810705e+01,1.010556386890530400e-01,1.884996029814902219e+00,1.000000000000000000e+00
3.177093745070308728e+01,1.231928669702746859e+01,1.993590792743443387e+02,7.361521900321295053e-01,1.340637737065662138e+00,1.000000000000000000e+00
1.029440362746999398e+02,2.467259102078556410e+01,1.817070386176226009e+02,5.141515232018561976e-01,9.181550470923536267e+00,1.000000000000000000e+00
4.776710626740138821e+01,8.826011121933193593e+00,3.393388890463848639e+01,9.514617745412183858e-01,3.301211167572605021e+00,1.000000000000000000e+00
2.430796552028577366e+02,1.022681189393041024e+01,6.169618105333580615e+01,9.817034877767549794e-01,2.857160782927782527e+00,1.000000000000000000e+00
7.987894491599260505e+01,6.555213387026778804e+00,9.813960742088096367e+01,7.750969344516698278e-01,1.731467278025337508e+00,1.000000000000000000e+00
1.776793154666173393e+02,2.394543856188689190e+01,1.080493980066237754e+02,8.350427905201759371e-01,8.836833982113354580e+00,9.996661101836394892e-01
4.989297494386180176e+01,8.611177777434214420e+00,5.473588096638790290e+01,8.253971578279923893e-01,1.092905076721793822e+00,1.000000000000000000e+00
9.584996368156261326e+01,1.614490457120364653e+01,1.390028822843979412e+02,7.320517525019578642e-01,2.790152686655781089e+00,1.000000000000000000e+00
2.091298978013016949e+02,2.181400510385891067e+01,1.724410167324172676e+02,7.799018208129663288e-01,8.066665834328379248e+00,1.000000000000000000e+00
1.104365748456573471e+02,2.052216439593419750e+01,1.901931200854455142e+02,8.398346685290358771e-01,3.693918365178661567e+00,1.000000000000000000e+00
1.723896313348381568e+02,2.499104335502557461e+01,1.636188847544290184e+02,6.229498701118061366e-01,8.712768503155992050e+00,1.000000000000000000e+00
1.371132972684263791e+02,4.107340196269621657e+00,1.974322960111254304e+02,8.996848514525492835e-01,6.241517505818785061e+00,1.000000000000000000e+00
1.316145498571989663e+02,2.389439816703592001e+01,1.524856811285469576e+02,8.716126699788697696e-01,4.322412887899044875e+00,1.000000000000000000e+00
2.411908015394710105e+02,2.312861057175831547e+01,1.582303461617628670e+02,9.943285227299165641e-01,9.443009622337559250e+00,9.993299832495811108e-01
2.259550255835385144e+02,2.192780541360843216e+01,6.130154601308259998e+01,7.070824238915077720e-01,1.023328035901978517e+00,1.000000000000000000e+00
1.066915906416720219e+02,4.746825233768967145e+00,1.662298812405828699e+02,1.222768290243515382e-01,2.308938164041840047e+00,1.000000000000000000e+00
2.401540432277762420e+02,6.259195804626314974e+00,1.327216203398425307e+02,3.245032194714779772e-01,2.461192633242784034e+00,1.000000000000000000e+00
1.878504297676970793e+02,2.378342132841733658e+01,1.593235830925016501e+02,8.448463626600415388e-01,3.927306523438218733e+00,1.000000000000000000e+00
1.523213438720017336e+02,2.016447486604281991e+01,1.981351804577732594e+02,7.368267885808523765e-01,2.978414739798338040e+00,1.000000000000000000e+00
9.748058582323190535e+01,3.654651934555056769e+00,1.441834222189754655e+02,7.123305938225193978e-01,8.157702401224087296e+00,1.000000000000000000e+00
8.621660125842944922e+01,2.176634067374887849e+00,1.724916913533956802e+02,7.608942919528096649e-01,1.696505445967003922e+00,1.000000000000000000e+00
1.943224310511360784e+02,8.054883785255814388e+00,9.261908693276457427e+01,9.717554937050854047e-01,1.112393062042151826e+00,1.000000000000000000e+00
2.335576473007406548e+02,1.567152209748894975e+01,1.040461885936701663e+02,8.616089414858009166e-01,5.490854333365050799e+00,1.000000000000000000e+00
1.524066731770642207e+02,2.470863515556764156e+01,1.404736085923547080e+02,9.679061369777263169e-01,3.733138350751804779e+00,1.000000000000000000e+00
1.068253463000387598e+02,2.633128715020179200e+00,1.890177517850623303e+02,9.968937029266000671e-01,6.064931126196120736e+00,1.000000000000000000e+00
1.055418328455277788e+02,4.747384800471674993e+00,1.015957327732039488e+02,6.733997326431711006e-01,2.589603611225258284e+00,1.000000000000000000e+00
2.467766528632551228e+02,2.073926249921328946e+01,1.229531275656433138e+02,8.383683392146230595e-01,1.688437780384416387e+00,1.000000000000000000e+00
5.173017744989925859e+01,9.638382037092846133e+00,2.494464692420802621e+01,6.880406470170418176e-01,1.662018848433846063e+00,1.000000000000000000e+00
5.270999630854433349e+01,2.660902277942509553e+00,1.336711978535260137e+01,3.010410143860075549e-01,3.060246662662700512e+00,1.000000000000000000e+00
2.448174492271535030e+02,8.749029851257867918e+00,1.812253163719389306e+02,7.201783904470823172e-01,9.469429621487126525e+00,1.000000000000000000e+00
2.195018202272690644e+02,4.141411621481124072e+00,1.371015868949160676e+02,4.754583641651992654e-01,8.984899556865361347e+00,1.000000000000000000e+00
2.423760162463721883e+02,2.345856005161211399e+00,1.089288944878273071e+02,9.482533335732722390e-01,5.661107612370042119e+00,1.000000000000000000e+00
2.114745856988949129e+02,1.749033984198039349e+01,4.054026386769514545e+01,9.840930530779743446e-01,8.827286503894679726e+00,9.996661101836394892e-01
2.481193395867716163e+02,3.326827146812449509e+00,1.805859157377020097e+02,4.431539385171758272e-01,1.450503441514132019e+00,1.000000000000000000e+00
2.031855770577128908e+02,7.897637500432553637e+00,7.081607451016387245e+01,9.615063082695688434e-01,5.984756676824824595e+00,1.000000000000000000e+00
9.530435927148842268e+01,1.804815913135277228e+01,1.600855381334850733e+02,9.449058718124954126e-01,7.314511703805991694e+00,9.996661101836394892e-01
1.459219859261178840e+02,2.207268973698101888e+01,1.759853001646550297e+02,9.222196523298508142e-01,3.638838310733790493e+00,1.000000000000000000e+00
3.456226131878567287e+01,8.373072517862860664e+00,4.423465545939409083e+01,9.661409487769798687e-01,1.038599130089981060e+00,1.000000000000000000e+00
1.113233858005002332e+02,9.929326029016161570e+00,1.225246750483585743e+02,9.308330131206969948e-01,7.537552487989533034e+00,1.000000000000000000e+00
2.156346500564755218e+02,9.777804622924630706e+00,1.970976665427395460e+02,9.797536152964333445e-01,9.825271456279962123e+00,9.993299832495811108e-01
1.911876088056327490e+02,1.770809953945384763e+01,7.586035654004295736e+01,4.847488054937216795e-01,1.680821334475062656e+00,1.000000000000000000e+00
1.157941096951716275e+02,2.438923582343119012e+00,1.356468391652634011e+02,9.872745741430871691e-01,1.268493609359839347e+00,1.000000000000000000e+00
5.765579207014671681e+01,1.121087763553894057e+01,4.718594693767918358e+01,9.406543974150067822e-01,1.467468296889329338e+00,1.000000000000000000e+00
8.628382458011689948e+01,5.989677692267296294e+00,1.188576462897929531e+02,6.679989543430172594e-01,1.412869523758495838e+00,1.000000000000000000e+00
1.700336328367087049e+02,4.802836694177003096e+00,7.404797492860973307e+01,7.663924561159203286e-01,6.693690972109314075e+00,1.000000000000000000e+00
3.570582422346395646e+01,2.007490179812357667e+01,5.492540752479367683e+01,5.818734209221717579e-01,1.104415614997938944e+00,1.000000000000000000e+00
2.214662704427480833e+02,1.912907207317373803e+01,1.794220765023028719e+02,8.478371124642888335e-01,1.131224587461624909e+00,1.000000000000000000e+00
2.218932517850859369e+02,1.734550777721790027e+01,1.205567082127195135e+02,9.415057259136166978e-01,9.479484079949640929e+00,9.996649916247906109e-01
1.377216632775991059e+02,8.181844968911750726e+00,8.242714301646819308e+01,8.831587270452933014e-01,7.571692915167808735e+00,1.000000000000000000e+00
4.912022821738262479e+01,1.288226871005876717e+01,1.280235771992946070e+01,7.788718365267106591e-01,1.517132170352043063e+00,1.000000000000000000e+00
1.664206690964438735e+02,3.559040405335087698e+00,7.748340316750963552e+01,7.896001748893118899e-01,1.170696636282168690e+00,1.000000000000000000e+00
2.238076413458858838e+02,7.691667005099143140e+00,1.489752866064536931e+02,8.756233977831545667e-01,4.291383541497541643e+00,1.000000000000000000e+00
1.872456902248910637e+02,2.391098703056229624e+00,1.418543033257876402e+02,3.748533822063482845e-01,1.166489396873719331e+00,1.000000000000000000e+00
1.112157335812249812e+02,3.506506641570970473e+00,1.598486947045204829e+02,9.663145813349793833e-01,9.882305071479375869e+00,9.993299832495811108e-01
6.370081817229616661e+01,1.307400390816237490e+01,2.870092046414887221e+01,6.292086641555507676e-01,8.717807981250706106e+00,1.000000000000000000e+00
2.128060992625570407e+02,2.381114388942306093e+00,2.616784550278348576e+01,9.112875954736130435e-01,1.805840355705560007e+00,1.000000000000000000e+00
1.464661842348863843e+02,8.128802469528480401e+00,9.863032744040461353e+01,7.837643550478604615e-01,3.103040877302554623e+00,1.000000000000000000e+00
2.438030028273207108e+02,2.458398560882758943e+01,1.893018535628633856e+02,8.721751795756490511e-01,2.930539073866091915e+00,1.000000000000000000e+00
1.928160619597635730e+02,1.191184544867279094e+01,1.321831083349731273e+02,7.777851256404274549e-01,2.140891174261087659e+00,1.000000000000000000e+00
7.516212812569085600e+01,1.127796653750970712e+01,3.312145202096522212e+01,7.994040430053794832e-01,5.721973023761804278e+00,1.000000000000000000e+00
7.958443430702190824e+01,3.500234002853488402e+00,7.960887683783137447e+01,8.463519930547919179e-01,9.001272503410481463e+00,1.000000000000000000e+00
1.089955442183573950e+02,2.364105959591418227e+01,1.156281828967062495e+02,4.132260214314778524e-01,1.051667441622081256e+00,1.000000000000000000e+00
5.870807243566942901e+01,3.057274389657521407e+00,7.249809800877036992e+01,7.602622898607276358e-01,3.862355851238810978e+00,1.000000000000000000e+00
2.277423765315322441e+02,5.785760253499454997e+00,4.350635085635536825e+01,6.828262024806750485e-01,1.234805304276990867e+00,1.000000000000000000e+00
1.601026037077420767e+02,1.487415149591333829e+01,1.608884507057717883e+02,4.371809311108127427e-01,1.696777103623582805e+00,1.000000000000000000e+00
