# n_estimators, min_samples_split, max_depth, max_features, min_samples_leaf, target
2.215390187130984714e+02,1.224381219898712914e+01,1.035805515527939633e+02,8.995542938647869136e-01,6.761836083360284633e+00,9.062226789647362946e-01
1.152305415580325416e+02,1.101719148883382182e+01,6.594548007748339558e+01,5.929308791501681775e-01,5.993553489760094166e+00,9.115936828961423988e-01
1.872704807968304692e+02,3.797518275744201866e+00,1.944309418694231226e+02,8.735993341771643994e-01,5.743634528220200153e+00,9.105857653635804905e-01
1.469630475843939053e+02,1.171467195164018094e+01,1.572916090206138620e+02,8.167398717960262511e-01,4.847934307424111466e+00,9.125937109545800840e-01
1.046724153628243101e+02,1.242649706579417312e+01,4.024864819516637482e+01,7.952867552457403288e-01,9.044069795802363032e+00,8.958488665079420432e-01
6.216744583137371194e+01,2.117013568666591183e+01,1.334934608384354426e+01,2.366132897063316920e-01,5.811882324487924301e+00,8.687120922708198023e-01
1.978901103332366063e+01,2.170072797458693614e+01,1.710434023265664649e+01,4.226522630643723133e-01,3.207588015698030315e+00,8.958845690288935737e-01
1.349466658698110848e+02,2.132300491579360013e+01,1.459113565084365973e+02,3.222197686960238117e-01,3.289621857032263730e+00,9.132391729267956837e-01
1.614993959411153241e+02,1.101137458435311878e+01,1.117376800932633074e+02,8.536270047092998636e-01,8.546836924945406366e+00,8.961833371620535615e-01
2.361177405079619120e+02,1.317087338542824959e+01,1.372057597928622954e+02,3.908892862875588126e-01,8.484686483975188764e+00,9.011890937654778444e-01
2.663454174856570233e+01,6.388143917613195555e+00,1.990580379072889343e+02,1.045426305872134698e-01,9.114185902820278073e+00,8.985317664666613302e-01
1.386915834464210384e+01,8.478446354564447063e+00,9.947593799481180099e+01,5.487703043122376112e-01,5.235897838113022118e+00,9.112398308026673499e-01
2.215231120339524580e+02,2.862793909761610411e+00,2.803459829157908700e+01,8.571317309396516704e-01,1.300071445174842966e+00,9.363431430934442412e-01
2.339479973215220809e+02,1.873810526580858138e+01,8.570528162881934975e+00,2.155057131149832328e-01,4.100525984330353424e+00,8.229786858768750601e-01
1.109016855872928460e+02,3.475343006514327371e+00,1.588140414752812148e+02,2.017519694911942552e-01,5.452565252065911139e+00,9.132401945872825610e-01
2.099775259816111372e+02,3.389189350029323755e+00,7.431445633049301591e+01,5.806757728978766409e-01,2.105010069807579765e+00,9.286488311424653253e-01
5.789060514935516011e+01,3.682867130885279838e+00,5.192185995830707412e+01,1.966991957753418119e-01,4.134911953376533056e+00,9.172705413615636072e-01
1.596895965377105142e+01,2.708934949157541183e+00,6.381833504965437243e+01,9.088883150436537495e-01,1.268784093925568790e+00,9.319817877241487469e-01
2.418604516667877533e+02,3.720603955667985296e+00,1.896887377327952606e+02,9.655908908791093204e-01,3.419715600833204139e+00,9.246375690651291723e-01
1.843765826447990719e+02,2.707098361855852620e+00,6.322360090311742198e+01,3.570495293315085195e-01,2.473728902078484726e+00,9.286604621911476176e-01
1.368954136131064274e+02,3.550037966671470091e+00,3.048296488625498313e+01,7.718334818072680736e-01,1.000000000000000000e+00,9.346674685251823433e-01
2.453640396177468119e+02,2.421197599260268785e+00,9.265233258527220528e+01,9.307271096124444254e-01,8.579363596156174054e+00,8.968489054917011538e-01
7.442516943953502562e+01,4.159597899314650959e+00,9.964286479242765893e+01,6.986050726036396874e-01,1.455385037155423555e+00,9.329884882082233322e-01
4.457245978427114608e+01,4.376484653372382461e+00,1.486406478660475727e+02,6.703113769550138601e-01,1.079212601156804618e+00,9.326607681349485812e-01
1.556329949367830352e+02,2.033585986581748717e+00,1.364423181212004543e+01,1.500197667101340893e-01,5.426960105762433706e+00,8.810664449453687874e-01
2.149705990745910924e+02,1.139790114285674782e+01,1.333180506231745142e+02,3.801830539853368607e-01,1.718464209060902581e+00,9.320079197443490449e-01
1.073086196715141938e+02,2.137895264862518907e+00,4.647132170947805463e+01,8.077948193276101030e-01,2.153208334213440267e+00,9.309766901115011928e-01
5.317573077747351107e+01,2.399789759968552616e+01,1.783824192021479575e+02,1.662029198341673786e-01,1.644737761657196096e+00,9.283165664213637314e-01
3.652546745760320590e+01,1.558258458893610410e+01,7.603419156960093517e+01,1.385318999336029866e-01,1.000000061488362402e+00,9.293221780150726641e-01
2.188238817175841291e+02,2.018745112971709332e+00,1.141326855025013458e+02,4.635366518097571720e-01,1.054895550206279342e+00,9.323223058916714212e-01
6.717055129727680196e+01,1.941113653154731367e+01,1.449876433700245286e+02,9.989999999999999991e-01,1.000000000000000000e+00,9.289760763122787424e-01
1.958585551443930513e+02,5.152635514764006608e+00,4.851471716079457508e+01,8.562968693712461610e-01,1.707000281490948623e+00,9.333207529293249261e-01
9.026287999319136190e+01,2.374628191381087561e+01,1.972133096589950298e+02,8.883566413792539640e-01,3.018839757727898920e+00,9.099201861086114729e-01
2.229356160806803757e+02,1.912025669222531832e+01,1.968862426054952550e+02,1.000000000000000056e-01,1.127241070371816090e+00,9.306611432202487322e-01
2.434747920775234036e+02,2.183996710397518726e+01,1.822095287104886552e+02,8.248386661771767159e-01,1.032903309838247630e+00,9.266487922525470378e-01
1.273648039278366326e+02,2.000000000000000000e+00,5.820153867031299200e+01,2.628642091403328718e-01,1.000000000000000000e+00,9.316762190072302996e-01
1.255874316181465815e+02,2.000000000000000000e+00,3.941960867859703654e+01,2.278778585189917827e-01,1.253807121836852723e+00,9.323233947820369627e-01
1.179516203130759067e+01,1.051112667955403346e+01,1.412063650761541567e+02,7.510502474290542407e-01,1.421099304977402777e+00,9.272949182145883151e-01
2.144875335979553483e+02,2.342383454510174801e+01,1.686128948694542942e+02,8.133293805657436648e-01,1.103337526514420297e+00,9.269771372380475327e-01
5.433237728394603039e+01,3.543511714123196654e+00,8.525799562648832364e+01,7.454660137406220466e-01,1.056352324294165923e+00,9.319789959565131232e-01
9.265033276012485430e+01,1.608145348598624480e+01,7.494381014895483872e+01,7.234413669085553167e-01,1.893588633997251636e+00,9.293177943013313236e-01
1.036904673948012601e+02,1.280953201839349909e+01,1.043644773008513766e+02,3.717003687690170199e-01,1.760500352073445018e+00,9.286621932206962082e-01
2.442237414215892102e+02,2.719071777128027723e+00,5.495961809013810040e+01,1.250890468067870354e-01,3.021384084511247181e+00,9.229702088715312502e-01
8.099730873575731493e+01,3.411621168996285647e+00,1.302195143657137635e+02,9.440949604901486270e-01,1.000000000000000000e+00,9.359919718364405616e-01
2.444181886320978947e+01,2.332119546043628944e+01,1.608959983474211697e+02,9.441801681288448655e-01,1.378216226231545161e+00,9.229479575093320065e-01
2.055628794485454307e+02,5.478250307730735180e+00,1.417075366866873480e+02,2.158836413494419904e-01,1.018937695758036943e+00,9.290011303674348131e-01
5.145826897098779540e+01,6.863960594012788796e+00,1.998321247692363158e+02,9.626107794473547363e-01,1.551782400966141395e+00,9.346596790569010604e-01
8.465940719755499799e+01,2.455719253082155884e+00,1.790204514452023545e+02,8.123284299732591585e-01,3.400455161454469799e+00,9.236052286912729281e-01
8.488192379820887368e+01,3.144800116697078707e+00,1.150144617488959398e+02,6.722785389314986926e-01,1.524560728647660346e+00,9.349729653885365810e-01
6.198689604539629983e+01,2.523257702224716237e+00,1.649733453323590311e+02,6.144917976912066537e-01,1.778825629723616686e+00,9.346596681315796351e-01
5.354034638456227668e+01,7.619374451536153892e+00,1.876406842078951058e+02,8.677868101262006251e-01,1.155921586056337214e+00,9.333229697876562758e-01
1.628513063458815111e+02,1.010931923842244196e+01,1.942294437022816282e+02,6.670705890813253269e-01,1.101871937216720498e+00,9.339985162916375483e-01
1.098355843574730670e+02,5.142369730855084420e+00,8.418780742542487872e+01,4.348787867106145288e-01,1.347937434787537470e+00,9.330007223184886289e-01
2.100668020339297470e+02,8.949411768222281793e+00,4.483128695995008428e+01,8.987958480168372066e-01,1.234685733632843174e+00,9.333468958748467603e-01
1.144540131226994220e+02,8.668552276721680272e+00,1.955404517116461420e+02,1.587524268334055966e-01,1.054865817699649488e+00,9.293316312830235404e-01
9.711063816267538584e+01,2.122231355435085565e+00,1.081051261121756255e+02,3.702106999396679865e-01,1.427316184274583843e+00,9.319761932635561852e-01
9.134062711856941519e+01,1.425707079852762504e+01,6.638083292611193542e+01,8.501425730939868863e-01,1.059497557492559805e+00,9.313150805012140321e-01
2.315542270103118199e+02,3.327018387223601437e+00,1.674748568808631717e+02,4.307753924227843978e-01,1.277467566883048411e+00,9.319950997994581599e-01
2.361454589434011950e+02,9.022170158215780944e+00,1.203822321604735350e+02,1.124972016336935332e-01,1.402368302342146711e+00,9.326823555073218142e-01
2.165759191375822468e+01,2.445333408787077900e+01,1.974696111225772484e+02,4.905005989630978336e-01,1.097772029658883985e+00,9.182872700228935647e-01
1.522884666759622689e+02,1.869797587308805120e+01,9.196379313277611800e+01,4.294846329684819386e-01,1.277365928578827026e+00,9.310028221317014907e-01
2.269042018326499033e+02,2.239209251573526060e+01,1.353226604671511382e+02,4.939471690122617664e-01,1.701425948926529319e+00,9.256481892848050785e-01
2.031831160822670483e+02,2.271559012813115430e+01,7.995321509273966853e+01,7.338000288173257557e-01,1.238845668375659015e+00,9.269754234354561362e-01
1.398618431079470668e+02,2.636119260865750213e+00,1.957593932896526780e+02,2.941250872911451153e-01,1.908560761231903768e+00,9.326739911297365904e-01
1.408338325032660237e+02,1.934401844654131253e+01,6.273883920411328319e+01,9.298117394926553869e-01,1.903123019258881277e+00,9.293188831916969761e-01
1.615985018997144778e+02,1.764470396832176391e+01,8.745131734489815756e+01,8.378873340372745560e-01,1.525519003654582484e+00,9.309928548826891248e-01
2.018116846620440867e+02,2.051401475338482427e+01,1.231128466281552534e+02,8.732212519588665733e-01,1.297412606474045660e+00,9.299911520992601988e-01
7.207806704971523004e+01,3.575726972397126335e+00,1.116138416730745320e+02,8.466428378903055885e-01,1.327360144911775119e+00,9.359919718364405616e-01
2.278728982845387918e+02,6.083185016827469482e+00,5.329373116184967785e+01,7.480226918160812755e-01,1.622527457443091681e+00,9.339913189596179555e-01
9.659686606033349676e+01,3.153436643406470008e+00,6.694677912257107266e+01,3.019886269182421312e-01,2.280797175122596609e+00,9.236324496018388786e-01
1.443108496619497032e+02,3.929827746636247898e+00,8.773323241338299283e+01,5.462593519665215336e-01,1.834571032399132440e+00,9.353419152134765380e-01
2.915051007682492212e+01,5.038146500800511518e+00,1.923259961940047162e+02,8.152416359818855929e-01,1.056645970652362987e+00,9.326479591153791215e-01
1.460162689809348535e+02,7.808960060154795713e+00,4.218545560588849241e+01,1.101349175129973518e-01,1.213340356098492778e+00,9.313306312854976454e-01
5.288294376983490963e+01,1.324759977148722889e+01,1.172822445931659416e+02,5.142858361463327199e-01,1.606616901377951434e+00,9.299833017027360205e-01
2.447915032325725804e+02,5.625663607121389909e+00,1.257744695988602075e+02,7.315084039860104692e-01,2.343255185393903428e+00,9.306466922516524187e-01
1.422850332447394237e+02,6.737807122628902690e+00,1.624180648335954231e+02,3.626570846923130587e-01,1.185533884444986752e+00,9.306678156458858542e-01
9.116832605297763337e+01,9.851707492174160308e+00,1.489862634679806490e+02,9.749809914127877120e-01,1.275424876251070927e+00,9.329912799758588449e-01
2.487396219035821900e+02,5.036299871969404762e+00,1.436872699368015844e+02,5.840746456097535289e-01,1.928975577176461398e+00,9.330063167790811907e-01
1.662515853394500311e+02,2.237481316191036740e+01,1.712574005769566838e+02,3.066363055431461926e-01,1.166912047430788135e+00,9.243002738674178653e-01
1.986207891710000126e+02,2.205612303362027848e+00,5.118749685609257938e+01,8.814595419073492089e-01,1.276765578615753238e+00,9.359947636040761854e-01
2.098723379769736255e+02,2.458393718999071442e+00,4.981796107633908832e+01,5.417929730066171068e-01,1.825154852956083262e+00,9.350052167757121335e-01
2.379751224576428115e+02,7.151270351410505377e+00,1.337994242860708596e+02,3.090840610363025931e-01,1.530580394188710835e+00,9.306661518462157057e-01
1.622174446740399745e+01,2.203617513659319727e+01,4.962585853070336128e+01,8.998163112893731164e-01,2.467687221455781899e+00,9.162733441483614794e-01
1.289828979934279687e+02,2.245572098776011494e+00,1.114569068950785891e+02,7.781807345281981370e-01,1.792562768552111940e+00,9.346608070248667577e-01
1.206762121775181384e+02,2.267140313973447618e+00,9.115322719296311504e+01,7.398786183592311883e-01,1.006198252763238932e+00,9.343324729646879101e-01
1.202702126689577113e+02,1.479464738255752820e+01,7.957827462293377607e+01,4.789044327253808020e-01,1.263775327799198323e+00,9.316761908549515692e-01
1.692788251933180277e+02,3.077246333516124643e+00,1.644754830749600671e+02,7.914183721964083151e-01,1.575280021701461086e+00,9.349919328526814510e-01
1.169530793665099537e+02,2.333385742406013463e+01,5.964686448958646281e+01,8.159875975444360607e-01,1.285068798091048015e+00,9.256308746950085986e-01
1.564306416730513263e+02,4.181832402635084378e+00,1.236639970958916450e+02,4.933628173040063292e-01,1.548631694298789663e+00,9.316450674357416029e-01
1.392503639464984246e+02,2.735603772778359311e+00,1.311536868176178245e+02,9.036004232000793834e-01,1.878045603495920535e+00,9.370070476234217960e-01
1.825665471128151012e+02,1.704901704401492069e+01,1.032151821098998141e+02,5.885374921345992716e-01,1.012368105360080150e+00,9.283093800146655639e-01
1.789718224694139792e+02,1.185658368376862093e+01,1.560702522685502629e+02,7.868367479138966836e-01,1.123165169907701877e+00,9.329996052758442460e-01
1.698523188519132248e+02,3.245144783847896619e+00,7.551321710064485160e+01,4.861028989570885805e-01,1.881020283014905203e+00,9.326590652576787210e-01
6.575092567188477233e+01,2.093345963400129506e+01,9.434128420933099335e+01,7.090341634559925721e-01,1.046223789928002912e+00,9.289816598475498788e-01
7.952767730481410524e+01,6.799523484027104381e+00,1.501346137381496533e+02,2.928450080357320462e-01,1.300315662375892467e+00,9.306644989718673155e-01
1.621349782074464372e+02,2.324759574313678634e+00,1.882732285904303637e+02,6.918187094218790634e-01,1.850908365671438460e+00,9.339907940532352626e-01
1.460369206662256829e+02,2.676376600761928071e+00,1.913943384943530077e+02,9.834315050738321462e-01,1.347793536393833369e+00,9.346719631700878272e-01
1.203735536773145185e+02,1.841072672958099687e+01,1.197396134987099146e+02,5.147031227065866910e-01,1.080733731062882841e+00,9.262948401532291598e-01
1.724618326730260378e+02,8.213341236400360401e+00,1.445145740675305035e+02,8.218812758948016439e-01,1.035063633305516095e+00,9.336691324186929819e-01
1.272101299408089687e+02,1.331953085474278353e+01,9.069034529972756786e+01,8.986817729283803624e-01,1.119016633000400329e+00,9.313184471781539298e-01
2.714412065739463031e+01,2.585340841349725860e+00,1.118726089525494984e+02,2.164223322704127428e-01,1.707377294537630208e+00,9.309777680765453090e-01
1.570739836851577707e+02,6.242887429222739648e+00,6.528827474019998078e+01,7.768894375374213457e-01,1.670566162145699085e+00,9.350019501046151760e-01
1.461374745836124589e+02,4.829047576195089952e+00,1.160004795221614842e+02,4.715219971441610425e-01,1.126860792428362457e+00,9.316434145613931017e-01
3.667657362456920822e+01,4.157269096877044490e+00,5.518896175881258159e+01,3.283403136173181913e-01,1.600364657673028823e+00,9.329772711347594782e-01
6.260077747824654182e+01,4.093050602157356721e+00,1.235790626010110032e+02,2.233246299400067358e-01,1.085041306429489261e+00,9.320029001930606460e-01
1.771369711265124636e+02,4.326959884585992455e+00,1.856071398512916630e+02,4.680828148176320314e-01,1.522556832334366117e+00,9.339923969246622937e-01
2.251998603219369954e+02,3.659526255189464283e+00,7.890146423085214167e+01,3.104323951881008403e-01,1.991501866215228622e+00,9.309949998874561539e-01
2.564559243274926814e+01,1.164001052748362675e+01,1.192211858522043997e+02,8.751723574687079177e-01,1.039746585430227910e+00,9.299934408111557582e-01
2.497496880329022986e+02,1.170964266863353664e+01,9.833141688634800914e+01,7.811736144908314472e-01,1.496094500563774243e+00,9.326618179477141890e-01
3.284826136610384850e+01,7.897460651064019288e+00,8.630670316048698965e+01,9.698234321857430729e-01,1.036420098053036920e+00,9.329840935691606774e-01
