# n_estimators, min_samples_split, max_depth, max_features, min_samples_leaf, target
1.166008038550628179e+01,1.477539605017057944e+01,7.805555497821863753e+01,4.219887147131307081e-01,2.205681159889191889e+00,7.980309874021941363e-01
2.042342461019279654e+02,1.375100883750430647e+01,1.727494788396024461e+01,1.451601856079233199e-01,9.371526260124852570e+00,6.973044639791624588e-01
1.661589176193515698e+02,1.483510168661485906e+01,5.861566418797483635e+01,4.632317158337720953e-01,4.562309602934007557e+00,7.765948635683510570e-01
1.156962921219345617e+02,5.722740350090150585e+00,1.632978127294783803e+02,4.429558309549385120e-01,1.401878815546491630e+00,8.354954635035456434e-01
1.223333942765477218e+02,2.076411804721184495e+01,1.088768824375755742e+02,7.983125283522000126e-01,3.141330432731849864e+00,7.903117592142121506e-01
3.797785408162251031e+01,2.439542579467670613e+00,1.156827930752960327e+02,2.416959371882592966e-01,5.170837777482298669e+00,7.859415599389280027e-01
1.450930677823729411e+02,2.279583568530397741e+01,2.704373929666414256e+01,1.116474145164183113e-01,4.795757941158088400e+00,7.437980528952288228e-01
2.270696090530817628e+02,2.146786854110749587e+01,1.349532989607554896e+02,8.649664489266065681e-01,9.013498263365395502e+00,7.384658773828477463e-01
1.357394260680618459e+02,8.372764350327040361e+00,9.509313308243405061e+01,1.931585299419373014e-01,3.582251425947884371e+00,8.080303037615896855e-01
1.408399288092170991e+02,1.295475436921353207e+01,2.009828441921544240e+01,2.407584949453540624e-01,4.821956186906251496e+00,7.153771279392714399e-01
2.079772692468273476e+01,2.000000000000000000e+00,1.875963648796146401e+02,3.156867396762301770e-01,1.000000000000000000e+00,8.518925272152501060e-01
4.577206347161643407e+01,8.415009185276383974e+00,1.993730904914680480e+02,9.335459762949269713e-01,1.803767440343629902e+00,8.304686721015415163e-01
1.473779590645079054e+02,2.477157194295850573e+01,1.922860139115957452e+02,5.043416138553944439e-01,9.757575786873612600e+00,7.411465495572862050e-01
1.846664277421504607e+01,1.676427225071696725e+01,1.833041259619832317e+02,7.184280145610609791e-01,8.973912996012041177e+00,7.465055837727546661e-01
2.477813211450701942e+02,2.000000000000000000e+00,2.000000000000000000e+02,7.660106337714778224e-01,1.000000000000000000e+00,8.421844285753954384e-01
1.839452524974311984e+02,2.000000000000000000e+00,1.838223843277072831e+02,1.000000000000000056e-01,1.000000000000000000e+00,8.532174011846663797e-01
9.466627295971890987e+01,3.890133791848322531e+00,1.750400432873297802e+02,1.000000007188429213e-01,2.803764059744658699e+00,8.391654953118011795e-01
2.039664731137152387e+01,1.964512172890345099e+01,1.967447458413586503e+01,7.341421496672619895e-01,9.992720587901203544e+00,6.926362176481551947e-01
1.561844813702929287e+02,2.019392618721095101e+00,1.495854351884611901e+02,4.013658254815382631e-01,3.730507204031343615e+00,8.093938870331335300e-01
1.330577783679532544e+01,2.444192255084236098e+00,1.525462081049944061e+02,6.464345464983562994e-01,1.730075340653264071e+00,8.368551439867824016e-01
2.438577563320963861e+02,5.039191349700390177e+00,7.222387330520689375e+01,4.688765677619365912e-01,2.386341189169280952e+00,8.224357052256030531e-01
6.993592066583221367e+01,3.150591609116432767e+00,1.891599952553473827e+02,9.896208649838904581e-01,2.036070958578836354e+00,8.144217913637197270e-01
2.493720509773262961e+02,4.942199803342387732e+00,1.012231378493325309e+02,2.038969542188422968e-01,1.102447139096059070e+00,8.538767793738719636e-01
1.401419613305920393e+02,2.365025032698894858e+00,1.886024732518104656e+02,7.180655726495963620e-01,3.600907786979149261e+00,7.993542498429297982e-01
2.401850050654895199e+02,2.382847514888582907e+01,6.406279545099201300e+01,7.760016213793740070e-01,1.047709220787427897e+00,8.120756028989777331e-01
1.932379200568609576e+02,1.199568391237794529e+01,9.369681483501649666e+01,2.651833277866827432e-01,1.491146344524438172e+00,8.421721505495248783e-01
1.876269378468317370e+02,2.335265912502858754e+00,1.158918697976994281e+02,3.481312522959479350e-01,1.000000000000000000e+00,8.441866507852099355e-01
4.273138748237555973e+01,2.424667248793078489e+00,1.566895437244566551e+02,9.712535513853477465e-01,2.803765074152347214e+00,8.177674383095577815e-01
8.061217310103300804e+01,9.647470209147652298e+00,1.583702370319689976e+02,4.030531167005189652e-01,1.051327238838812850e+00,8.381649051032870057e-01
2.090027440897080169e+02,2.068974645035469351e+01,1.911205271479346095e+02,1.203440804489693122e-01,1.000000000000000000e+00,8.468522008010003210e-01
2.422927407512411833e+02,1.261790999943605129e+01,1.568860594343864250e+02,8.610122095281533827e-01,1.482963901551332286e+00,8.338248902513318850e-01
2.443538072276919024e+02,5.959350533867233679e+00,1.180868162620137554e+02,3.038866668858906106e-01,1.834687586696127415e+00,8.451771719622739321e-01
2.230888564473631845e+02,4.843040165919111573e+00,1.537519546698612203e+02,9.989999976294773321e-01,1.000000000000000000e+00,8.361693793387449114e-01
1.645092910940073239e+02,2.243821814874838694e+01,1.203269895598830317e+02,2.536235226464613191e-01,1.516490557663873862e+00,8.428281899155122270e-01
1.993955562152033281e+02,1.162979513782115681e+01,1.864148186257544069e+02,1.000000007762432003e-01,1.000000002379684672e+00,8.491810467958995634e-01
1.107510303904806079e+02,2.364954289865241677e+01,1.869096789720053096e+02,9.020850076576877319e-01,1.701477250052625401e+00,8.251224892577141423e-01
2.207102067130680041e+02,1.287944313203808377e+01,1.918115945884123050e+02,9.948067935076182478e-01,1.025852323179597070e+00,8.324814916837883771e-01
1.854542542206769156e+02,2.093568231659324930e+00,1.909073948662489784e+02,3.109680288859928976e-01,1.755905566890559655e+00,8.472057038742102364e-01
2.440802933659570897e+02,3.991428519601007530e+00,9.332957417893517515e+01,3.673411632871481647e-01,1.150982699485943561e+00,8.475418270672688825e-01
2.417640089658533498e+02,8.594100695523581024e+00,1.869833516997192291e+01,5.751944699477906653e-01,1.419597233156590255e+00,7.164062162592896854e-01
1.570401404971517536e+02,1.683384164717175935e+01,1.037474357160855334e+02,6.233936188903591580e-01,1.300726796999272628e+00,8.331464870402258693e-01
2.485943724034302988e+02,2.992752598914131923e+00,1.516490928228556641e+02,9.134442427153468547e-01,1.614277873411243069e+00,8.381738349252575437e-01
9.326302804558406478e+01,4.642473261581148591e+00,1.433701049606949312e+02,7.965252429139396684e-01,1.315783832899969363e+00,8.398500103431072450e-01
6.100910311469608160e+01,1.461373380696840840e+01,4.247037695680182168e+01,2.344525009821524786e-01,1.070378680871515886e+00,8.010096616650395074e-01
1.772035741700167932e+02,2.424548614494622711e+01,1.949121427895190095e+02,1.398748029661798509e-01,1.000000023610146727e+00,8.445054521309367512e-01
8.075388633526804938e+01,5.666943623981784306e+00,7.771138136454464984e+01,3.544471269503025046e-01,3.228304820368251615e+00,7.973430847456411952e-01
2.169922906463280015e+02,4.493551921674766803e+00,8.632769039173953729e+01,6.243723769585857175e-01,2.036324760688494884e+00,8.301398036979297235e-01
1.893128179411426117e+02,1.325418823642742261e+01,1.595225411612440212e+02,1.333133626691441198e-01,2.204116388429632867e+00,8.207371584805729370e-01
1.651628320713332130e+02,3.904449557445953900e+00,1.326642468250245770e+02,4.874717305820041591e-01,1.003890902848344036e+00,8.401833867076640150e-01
2.286006807184547256e+02,5.844541715254796266e+00,1.369432907474821945e+02,1.372054412125200129e-01,1.345354608363737325e+00,8.585842691187943743e-01
2.471337799973707661e+02,1.549280279064848820e+01,1.804651812110005551e+02,2.594425226409718399e-01,1.920489356111757306e+00,8.495300325649555173e-01
1.951396118267143720e+02,1.151303851052547955e+01,1.919766140562840349e+02,3.506214263246210106e-01,1.150218469435134061e+00,8.411800272994078842e-01
6.030309128379180095e+01,8.793021229618656065e+00,1.253722829096038964e+02,9.345836963143325793e-01,1.411589863137051371e+00,8.354915400927278579e-01
2.403545814449866498e+02,3.134295223946867104e+00,1.698460531877797735e+02,7.294203130414610436e-01,1.242574578898746118e+00,8.405138590829487333e-01
2.190776033014764224e+01,1.933446370941298298e+01,1.313449795891449412e+02,3.308783615588585247e-01,2.128534850585694471e+00,8.144050390649185678e-01
2.126224324983686813e+02,2.212778088589540815e+01,8.122848070920024099e+01,1.031672847996109865e-01,1.790506081757095913e+00,8.421530975354700743e-01
2.064816885531062383e+02,1.188507128083962527e+01,1.178851342960003734e+02,3.447795700785623030e-01,1.593817120425319311e+00,8.458640027853755461e-01
2.446032325169204000e+02,1.585720658706871333e+01,1.875709076543806759e+02,8.545562942268789541e-01,1.329275152405473337e+00,8.304759194089266217e-01
7.528463068195948438e+01,2.324420188507304275e+01,7.150282186494861492e+01,9.732064048367379261e-01,1.706863255907163035e+00,8.137500658739954540e-01
2.177398297632663002e+02,9.763742100123648626e+00,1.243746811379314181e+02,3.775928100326922943e-01,1.187851559670445756e+00,8.398354727345862525e-01
2.192268763694659128e+02,1.512153228840130836e+01,8.879350082201931116e+01,1.868122225419881210e-01,1.163257973296007330e+00,8.485138236462054229e-01
1.059815093928398255e+01,2.227752143032629029e+00,1.763890970835513201e+02,2.955147504467871000e-01,2.057258362768748405e+00,8.086941450193695369e-01
2.496883481639072784e+02,1.888044390872597234e+01,1.710846250782924471e+02,6.051452374377745969e-01,1.048238930428863069e+00,8.321459324183460016e-01
1.871999453330356857e+02,2.354625078678333949e+01,1.274813030414134829e+02,6.649343352820729081e-01,2.014964835416635847e+00,8.080521466353698390e-01
4.264179697425537796e+01,2.445501739051402623e+01,8.221999989580584156e+01,1.747521108956835434e-01,2.553778714412039630e+00,8.180756216603415343e-01
6.997331479577275104e+01,2.029699041688366989e+01,1.465981950813233254e+02,1.000000000000000056e-01,1.182325084344533206e+00,8.418281805723033528e-01
4.797499845123702755e+01,3.725639232972883352e+00,1.791941347430628753e+02,2.571525441027351921e-01,1.259573513789748134e+00,8.522190967647551574e-01
3.151381266538295733e+01,1.553007078914446737e+01,1.826422843489889658e+02,5.217386102010940219e-01,2.122434475207042759e+00,8.053888917888644139e-01
4.342987595914611632e+01,2.882173230964578448e+00,1.977013453332916697e+02,1.058142055656847158e-01,2.156602247695972974e+00,8.344692099730961488e-01
1.347113002183785966e+02,1.896752691746345221e+01,7.187202963630943486e+01,4.994547097719614914e-01,1.000000000000000000e+00,8.164155990270420826e-01
9.300187540944250486e+01,2.481880488091407599e+01,1.481298347736758956e+02,7.774334461802232532e-01,1.909931942450029396e+00,8.251208329116085372e-01
1.515475012427255024e+02,5.884117656154130849e+00,1.125698712610572443e+02,3.537318954487185807e-01,1.330350332564309346e+00,8.425110655009289129e-01
8.168841634039141297e+01,4.179057178333083655e+00,1.205915921647796409e+02,1.000000000000000056e-01,2.134559336233420535e+00,8.445334930372545568e-01
7.310118145462956818e+01,1.878027361054767752e+01,1.171924560894515821e+02,5.292370550120564232e-01,1.470606128396587220e+00,8.308115198444451233e-01
2.487911921212097752e+02,2.488644087445562647e+01,8.929915887898583549e+01,3.425061329191187998e-01,1.280631745038284031e+00,8.301358896677936139e-01
9.823492529693700703e+01,1.598448764476652784e+01,1.965975071880210407e+02,5.005462100611164367e-01,2.022332514507996226e+00,8.083888450353466926e-01
1.344996866137650215e+02,4.437711801669023792e+00,1.284493458754756148e+02,6.401653768044121007e-01,1.275221056515709384e+00,8.411799655442935286e-01
1.695635108585838111e+02,4.587540761506992304e+00,7.914041195793461725e+01,1.000000341930593201e-01,1.000000000000000000e+00,8.475160551617563209e-01
1.982459456587120883e+02,1.600393147581529263e+01,7.577868027660511530e+01,9.711637151867870132e-01,1.393002571057502248e+00,8.254440336721756699e-01
4.672061519012506636e+01,2.477803584599134723e+01,1.036763350412640392e+02,2.541364910248529729e-01,1.039995826720500727e+00,8.327980409289263974e-01
1.780980150088583684e+02,2.359768200965488560e+01,7.606464142549889118e+01,3.216253009868537682e-01,1.658924399816501527e+00,8.334675180403563477e-01
1.765268035134688205e+02,9.864158968667796401e+00,1.018291999011439657e+02,2.460863924097787814e-01,1.322601759386110576e+00,8.498645199969467878e-01
2.318599576641758233e+02,2.000000000000000000e+00,1.153103460874493180e+02,1.000000000000000056e-01,3.305123957811394675e+00,8.147181876942518608e-01
1.790592483220524400e+02,2.382860178640390103e+01,1.788059179730592518e+02,8.640462258314474120e-01,1.147419241663786060e+00,8.308109259136363667e-01
1.817322429729711075e+01,8.885666396101674636e+00,1.977744586568177283e+02,4.204601329972271206e-01,1.108319179800966392e+00,8.381699657500192302e-01
6.838869094881363253e+01,7.539291468194977419e+00,8.548167863292334800e+00,8.357356315342167052e-01,4.059884018068166789e+00,5.953134655864568137e-01
1.321420025726252732e+02,1.879508197700664951e+01,1.352481362865349013e+02,4.085892007170586759e-01,1.500762930537258066e+00,8.321397962158680883e-01
1.906771044392599208e+02,1.919098216849812388e+01,1.042925373606403809e+02,2.783534885814772375e-01,1.243012497371607017e+00,8.388175887458400037e-01
7.377303641306470183e+01,4.183956659752025686e+00,1.063288211796415652e+02,2.220018249319752335e-01,2.095254976637940025e+00,8.354658299048564052e-01
6.421025360194155951e+01,5.333797764845640721e+00,1.425176047228069365e+02,4.037524061260061026e-01,1.154272885152065165e+00,8.465317655553532550e-01
1.626000237456250659e+02,4.074018114987621786e+00,1.978038777776872621e+02,4.465723773435377186e-01,1.575138040336964584e+00,8.368310246301353672e-01
5.476924069612682189e+01,1.762439744381942930e+01,6.682944556242773615e+01,7.181962902602182508e-01,1.024097543521111486e+00,8.167696828906120254e-01
1.530680886919404884e+02,1.633770429525988277e+01,1.357895833357015078e+02,3.545303670400489771e-01,1.124562090852782470e+00,8.364853833426846297e-01
7.446459630731108348e+01,6.598547448372248603e+00,1.393491117548358034e+02,2.714643229692824122e-01,1.214112047616501711e+00,8.478494090426549334e-01
1.515035964337409524e+01,4.821263166921675669e+00,1.205270219554516871e+02,5.688680882296597296e-01,1.401657263995975011e+00,8.452152518593767372e-01
8.777770246984584901e+01,1.098339140540535830e+01,1.108946195473176317e+02,2.994842984790442308e-01,1.005509915944292176e+00,8.498757094015678693e-01
2.097353883776603993e+02,2.499999962657647501e+01,9.266716548501268846e+01,6.367674378071646046e-01,1.483643202145630724e+00,8.291342239410063319e-01
2.491615211852181631e+02,1.293846093297347011e+01,8.460939607130565321e+01,2.214946091698590802e-01,1.000000000000000000e+00,8.508594387651765567e-01
1.960482166336086607e+02,4.173007983522045272e+00,1.112240235725900703e+02,5.416322703226874591e-01,1.265778078650751537e+00,8.431978776001397557e-01
1.044799555583313548e+02,2.046927970923585605e+01,9.458278581547315866e+01,1.000000166503859783e-01,1.535344646642816002e+00,8.471928188520276848e-01
2.157305841120336822e+02,3.508372230672834657e+00,6.247836480280761862e+01,1.383995144929039411e-01,1.418587096508002299e+00,8.371425169508357467e-01
2.557938772222668433e+01,2.375335575417292233e+01,5.673009371384093669e+01,1.000000000000000056e-01,1.194366707415120299e+00,7.976572771038530352e-01
1.339064515282938714e+02,8.771466521022245999e+00,1.613246398486300848e+02,4.761635406844186846e-01,1.316270007162111844e+00,8.381643504814070278e-01
1.893058443769986923e+02,5.636139059328483469e+00,3.410954567214920274e+01,7.957724020817795729e-01,1.053205561073357721e+00,7.923436317730411238e-01
3.057765592055102388e+01,1.993310189156676415e+01,1.061663973521428659e+02,3.537875713807045464e-01,1.000000108915771291e+00,8.368181807405559169e-01
9.146767990615836652e+01,9.475700491551883431e+00,1.747162493712993410e+02,5.102929230443463693e-01,1.023555421297339674e+00,8.308087224651853342e-01
1.107348291017817417e+02,1.194378676893176561e+01,1.046856012084080731e+02,3.283570829370823785e-01,1.160108676704991515e+00,8.401778144702749529e-01
2.182856992034482460e+02,2.313563921745382146e+01,1.756117476866604079e+02,1.498315279181929027e-01,2.074591197820275124e+00,8.217612329448493735e-01
2.260002845736871677e+02,3.506923516850765310e+00,1.972692831466634971e+02,4.632099951018978645e-01,1.682992276096838991e+00,8.475395656234712138e-01
1.164970594687289349e+02,5.071318626159701637e+00,1.514158644752537555e+02,1.450696180811363312e-01,2.067133771180766466e+00,8.337935835187391120e-01
