# n_estimators, min_samples_split, max_depth, max_features, min_samples_leaf, target
1.421785598370055084e+02,2.108054070042350148e+01,4.494535030041726031e+01,4.552995544342359757e-01,4.806207890165324237e+00,7.803315529206690249e-01
5.111088079527736738e+01,2.442315096620038872e+01,1.020687196214661014e+02,4.175328934838395956e-01,4.558057860062197264e+00,7.823528246573172584e-01
7.410010081079374800e+01,1.855161508271673299e+01,1.617042214686908324e+02,6.484654248318799663e-01,7.310702264843785159e+00,7.866161299794459660e-01
1.698928881345059949e+02,1.560647807610276416e+01,5.523768031437431603e+01,1.061221703794007210e-01,8.125481904478359496e+00,7.979915080840989106e-01
1.885725467783969975e+02,2.098259478371588926e+01,2.864800479366254038e+01,6.652777407654795194e-01,9.960624742398973552e+00,7.869595026030378193e-01
6.685459337797570356e+01,2.255412353994151076e+01,1.286170975031064927e+02,3.071572380036712291e-01,3.712322905957456953e+00,7.980957601010454372e-01
1.340030184829649329e+02,1.120853325505326303e+01,2.584690232614287808e+01,2.006084950466034966e-01,7.466637100006607852e+00,7.969875697367132528e-01
4.170313335765690965e+01,1.891918229749246194e+01,1.071096753649860034e+02,8.844757499010647006e-01,3.946116134313551349e+00,7.863914857124212343e-01
1.085946191736219930e+02,3.022151176064525213e+00,1.081423253253754808e+02,5.266062442097141361e-01,8.064312117321151163e+00,7.906530991764425531e-01
2.141743946651403689e+02,2.413736903952525736e+01,6.006340221742811991e+01,2.255057492653388118e-01,5.918493821059051641e+00,7.966850487283100302e-01
2.222834663143976286e+02,3.706194672532009182e+00,7.336346852291771370e+01,1.000000000000000056e-01,1.707272824172038517e+00,8.325389756568185584e-01
2.301993361134913414e+02,8.467333713041254484e+00,1.395456404548740750e+02,2.277977848613783329e-01,2.398743932969572334e+00,8.088044715390315664e-01
1.665179388581222852e+01,4.214406202323350392e+00,7.895052256625707088e+00,5.312680938130730501e-01,3.399774197288432109e+00,7.109324049087188957e-01
2.459880016777717628e+02,6.090611724591487253e+00,1.120232739058675548e+02,1.767149931751317571e-01,8.995887849046859230e+00,8.033808638263959523e-01
2.245265321282005573e+02,5.584914204948739247e+00,1.213220349382199714e+01,7.754517192302142758e-01,1.521744315738289277e+00,7.674558835181326533e-01
1.904270049796865578e+02,6.409153662932093098e+00,9.823044906636381768e+01,6.981646837239586789e-01,5.018707998964103467e+00,7.946912056003766489e-01
2.108421798374777723e+02,7.097019519624823580e+00,1.888624445964624101e+02,4.139704400009358021e-01,2.240749396217154299e+00,7.984313119590598085e-01
1.932530484218029798e+01,7.271082770132456297e+00,1.883130323785693463e+02,7.948495789779284060e-01,3.265419056275573606e+00,7.927511943213225720e-01
1.475437468438314284e+02,1.165677645772185755e+01,1.946902761338802463e+02,3.502179524988534021e-01,3.124671426060781076e+00,7.927198273652222849e-01
2.434597443115465296e+02,9.282434162102211062e+00,1.971345746371088978e+02,1.757376318202829579e-01,1.436094358421237782e+00,8.278767740041107492e-01
2.063131463829580809e+02,2.614709433855652687e+00,6.631398122464882761e+01,2.767130874687037112e-01,2.173116990968015028e+00,8.108173678789321048e-01
2.290303397555877609e+02,3.554547615286915985e+00,5.732487521190810753e+01,2.083761162936029199e-01,4.493888828202257990e+00,8.054178609879892869e-01
2.411187708423771880e+02,2.011018884171061316e+01,1.795803690509271462e+02,1.372456452261863191e-01,5.934805350657502920e+00,8.113870766276560786e-01
2.470371163181704048e+02,1.372993725971126544e+01,7.814012496793117180e+01,3.923569045761771679e-01,2.087480027923258152e+00,7.994313119590599204e-01
2.222488855937282608e+02,1.702108844294858514e+01,9.358250487764961179e+01,8.419132346908259068e-01,1.980987067277183877e+00,8.081528638077527527e-01
5.835761535766356189e+01,3.360269881975609163e+00,1.812840047263126166e+02,4.269967509311588527e-01,1.632956038547604294e+00,8.162005108199685832e-01
1.001644478698694769e+02,4.030091896825108932e+00,1.955152610262908013e+02,1.872630242322373129e-01,6.650204968380416304e+00,8.084262643493337341e-01
1.620492029279908479e+02,4.223165011527358459e+00,3.833026466837358814e+00,1.703630085264550842e-01,5.325275229294891943e+00,6.603075033674035144e-01
1.006004287354906239e+02,1.093387285887298432e+01,4.262383684793672245e+01,9.307811995121375581e-01,5.581685166010268873e+00,7.843528246573171492e-01
4.483260253060925749e+01,3.378410186675849580e+00,1.185154449864852921e+02,6.610950494389967735e-01,9.877344601106502253e+00,7.802553121082043130e-01
2.379602917589753588e+02,6.028536958250032995e+00,1.678749728676133941e+02,3.165301536014270556e-01,7.230528427075429754e+00,8.007108414081105519e-01
1.094946463459597510e+02,3.913920859642151306e+00,1.514025745362595217e+02,6.460390007672656143e-01,4.203623420106000985e+00,7.877130599327918370e-01
6.107198963997046803e+01,1.971498239951285214e+01,1.885358356279829479e+02,2.363048387569588460e-01,1.093499691714633348e+00,8.188946340599467799e-01
1.057280635345123265e+01,1.775718355618678146e+01,1.382336772606624038e+02,2.158518295177357937e-01,6.844799623515453568e+00,7.896637490270650428e-01
2.473395317577082437e+02,2.401915415952460009e+01,3.341760891698509539e+00,3.306204826891212534e-01,1.046316325961846205e+00,4.758787874550818309e-01
1.975959065993407080e+02,4.955482758878655858e+00,3.273454297442927441e+01,5.497774133218875647e-01,8.376253163732721774e+00,7.869494353481825133e-01
1.398952519585309062e+02,2.494054172436375083e+01,1.261423789321649593e+02,2.474852581026617537e-01,2.157910219404104435e+00,8.021338385603826726e-01
4.171554324780602485e+01,1.339750536607561671e+01,1.988011829693597292e+02,7.905313943182773473e-01,9.786598803160075022e+00,7.836093625470155200e-01
1.861346602526783300e+01,1.337483072664599959e+01,8.114636231634453623e+01,1.794339805238897578e-01,7.478668460123055972e+00,7.987147238263025972e-01
1.971547805471483343e+02,2.477992165197136032e+01,1.420808881405137925e+02,8.859474544277449182e-01,3.267368189373813792e+00,7.833606733874913797e-01
1.457135141860692045e+02,2.874851872896604377e+00,7.935600027181673966e+01,1.000000000000000056e-01,1.573186126409030550e+00,8.352017599052933283e-01
2.500000000000000000e+02,2.000000001681758732e+00,1.768435622834501260e+02,9.989999999999999991e-01,3.583274369165698747e+00,7.964200795126703536e-01
2.310129393721171311e+02,1.460558703360991117e+01,1.969960484414917516e+02,4.829516368571963869e-01,9.836104870681374734e+00,7.886105277385496715e-01
1.387768925997131646e+02,2.301552585594582645e+00,9.368315567135284994e+01,8.729129196697645865e-01,1.893012339047453585e+00,8.128817377200464600e-01
1.638131502379389204e+01,3.265692347847699573e+00,1.208683604360211774e+02,6.239874033818563204e-01,2.887623038364206973e+00,8.028486509412416927e-01
1.387932927715979190e+02,5.055907136823810433e+00,6.793919680404465566e+01,1.676247385408826396e-01,2.154183273034087076e+00,8.211608243963143261e-01
1.097274355203578295e+02,2.500000000000000000e+01,1.915657981485089465e+02,1.000000000000000056e-01,1.000000000000532241e+00,8.284880288221778688e-01
1.000000000000000000e+01,2.244071191578686708e+01,9.127139660674987454e+01,9.989999999999999991e-01,1.704671782026975446e+00,8.058318442185526953e-01
1.632110509656587851e+02,1.999005809295023894e+01,8.677720560949281037e+01,3.627136207173861093e-01,1.169429693834540540e+00,8.101607684671205956e-01
2.446459149431513822e+02,2.558884359092273630e+00,1.069521543242068873e+02,8.058616895378729605e-01,3.065311894548926386e+00,7.944200795126702408e-01
8.232288274957329577e+01,9.140189273848596585e+00,1.955167992394976295e+02,2.067183025946269515e-01,2.757975070878217583e+00,8.061114575613940181e-01
2.408502708171247662e+02,2.231260751012080590e+01,1.413490859941812516e+02,8.652042065583153141e-01,6.694224672581288615e+00,7.856222588869158363e-01
1.796011127518590911e+01,2.069939924708850576e+00,5.155542699328477596e+01,1.027337384127123138e-01,1.027367798095258022e+00,8.392045610257413690e-01
5.223474266558015700e+01,2.149017934036137056e+00,5.982693226200946413e+01,2.531602408739527243e-01,1.147122165681704331e+00,8.239215360020880619e-01
2.457387599983245536e+02,2.367750594593096736e+01,1.987392952232761445e+02,3.079846490755088206e-01,2.417737319052076561e+00,8.024543035184124040e-01
1.000000000000000000e+01,2.122545756032461028e+01,4.227675490274350523e+01,1.000000000000000056e-01,1.000000000000000000e+00,8.135518719967189671e-01
1.419882774204952796e+02,2.303476996042430258e+01,1.650807611625712070e+02,3.154706612886515882e-01,1.403086031998088457e+00,8.151658160768467942e-01
1.503688353416856671e+02,3.192737664232488282e+00,1.546816787641687938e+02,1.000000034033049073e-01,1.000000000000000000e+00,8.341916646858411610e-01
3.816674908377302700e+01,1.933097980709549901e+01,1.533425456857910945e+02,7.837484201412545648e-01,2.548840706066407780e+00,7.977741299514813367e-01
3.056182116426676743e+01,3.652159048291549137e+00,4.551838789573603350e+01,8.894551803190259287e-01,1.627825699927816228e+00,8.058066620991158890e-01
9.824587146490760858e+01,2.222748379714065248e+00,7.312185943945370070e+01,6.632878203966979802e-01,1.736907211419282282e+00,8.118481242746684590e-01
4.633294611329421286e+01,4.038560464638639935e+00,9.386972766104588572e+01,1.989372662803226555e-01,2.399555889416901344e+00,8.191977376641172981e-01
2.196942701904854118e+02,2.332057615014044849e+00,8.174249305902509377e+01,9.162791086845381017e-01,7.132595494832290051e+00,7.872895081493496150e-01
1.835708525331392877e+02,2.488248530688867977e+00,1.746476237630040487e+02,1.108991230700602515e-01,2.876443812374094744e+00,8.248213341909143015e-01
1.955037977612095688e+02,4.515845168800435516e+00,1.357560102111873164e+02,5.328229782959932326e-01,1.406504136290084528e+00,8.125304884016835150e-01
1.566892770619451767e+02,2.811426756156809592e+00,1.341961484624360708e+02,3.213835559977581413e-01,5.139517665697246329e+00,8.070917937890630389e-01
1.231064090111537155e+02,3.050911105447094762e+00,2.814369061305604447e+01,2.791239372747114089e-01,3.500723271326508179e+00,7.789517377666541620e-01
7.456094960935951121e+01,1.410692248282760985e+01,7.396865405003491389e+01,1.221951920603526476e-01,2.755683838628545157e+00,8.261815415017921271e-01
2.029397102667312254e+02,4.372035821270928047e+00,1.638544065442416127e+02,3.731355736241446786e-01,1.780956368502198073e+00,8.168515359554803235e-01
1.217577070656088800e+01,2.259970989379297990e+01,1.930484000523783266e+02,4.373551821218065738e-01,2.154839435942568659e+00,7.974419897742791585e-01
1.682925949271574950e+02,4.116332268235686875e+00,1.627261515262260332e+02,4.996185065012715976e-01,1.000000000000000000e+00,8.125187292887204871e-01
1.170413015114927191e+02,1.001541102465731115e+01,1.775727812077307703e+02,9.989999999999999991e-01,1.800738081527074153e+00,8.075018946014346222e-01
1.413608673223696144e+02,2.964341369284257066e+00,1.733426644947162174e+02,1.000000000000000056e-01,2.277604975682425703e+00,8.245238607922370511e-01
9.284459329825784835e+01,2.457102521801411044e+01,8.430625882781315283e+01,1.120875778197583661e-01,2.024527463089385471e+00,8.151535023327134422e-01
2.384119706391745197e+01,3.601285041829553446e+00,7.396488640672868087e+01,1.971947484575074239e-01,2.189874343074223795e+00,8.101529197369463642e-01
1.940133260983462549e+02,2.019466363381489060e+01,3.635820861841932583e+01,2.891342844454366512e-01,1.429234180038393420e+00,7.926923987565076546e-01
1.184093537645572169e+01,4.012473360001492573e+00,5.181677047610191522e+01,3.423511007347469493e-01,2.529972925534065276e+00,8.115490149470769854e-01
6.782911539832313963e+01,3.811919607521043751e+00,9.094228047156931893e+01,5.977624850172266191e-01,4.194371888803086534e+00,7.870424828833363362e-01
1.524966827578112998e+02,4.778224601727847798e+00,8.027701779312376118e+01,3.494665579312100645e-01,7.751035171347012032e+00,7.973673848907283368e-01
6.185456333290262165e+01,2.306708048182619208e+01,3.679244173573469823e+01,8.458677605603821537e-01,1.368554506261703274e+00,7.896912335649733938e-01
4.978082398107567030e+01,9.668931063392172121e+00,6.601347393492791582e+01,3.988960784700567586e-01,1.114016857447357234e+00,8.151703370199994136e-01
7.925896561731536849e+01,2.190446712847753119e+01,5.539043339508297237e+01,1.139361783217041901e-01,2.227885001024595635e+00,8.218616032103357449e-01
1.218290314501029314e+02,1.853410995069880585e+01,1.950166384580039676e+02,1.000000000000000056e-01,1.000000000000000000e+00,8.355311828558378284e-01
1.256794620047849804e+02,1.800166202983200492e+01,8.967594529913847623e+01,7.805550185122026585e-01,1.527679235463300644e+00,8.071579114174788350e-01
1.120999209190124617e+02,1.936813920979158610e+01,6.245321199258744116e+01,2.874206580171000946e-01,1.028777248433954794e+00,8.061506732476685366e-01
6.330705876196086024e+01,5.396385290184967154e+00,1.623171052553866787e+02,2.078675292376693240e-01,1.889536272253361515e+00,8.308896703440111775e-01
1.010431924426762436e+02,2.026944540435491859e+01,1.174176227206652641e+02,5.348303756450740742e-01,2.430976120228160120e+00,7.981119562633706144e-01
1.353101885843630328e+02,3.659958041224227188e+00,1.411536492737295703e+02,2.149397022766485477e-01,2.789993994878560812e+00,8.097860009228318168e-01
6.768273449926869034e+01,9.469090278943543382e+00,1.502000431882474629e+02,1.918951150462134270e-01,2.348899937957539041e+00,8.094520849937312246e-01
9.356182558431878249e+01,2.480177263633497731e+01,1.426011194791696646e+01,1.037349860528886808e-01,2.534037656582673215e+00,7.737999505958790269e-01
1.741235610988263147e+02,2.477005560793277894e+01,1.170904726327370184e+02,2.941422598193200733e-01,4.646305150230454650e+00,7.863550711465950860e-01
3.272041428778343430e+01,1.692021021992280794e+01,1.755325391165809492e+02,8.773703734205203775e-01,2.550818485857138995e+00,8.014386060580639404e-01
1.610977973603593227e+02,4.524640497629377478e+00,1.151625751914515803e+02,1.835675781089965430e-01,1.637325433893481730e+00,8.255423314084369135e-01
2.310367230040376683e+02,2.066101357982080700e+01,1.213346773371119980e+02,2.662111220773145104e-01,2.043953952571424981e+00,8.017646732569900792e-01
1.725652287813159944e+02,2.017479303219170106e+01,1.846790788297730046e+02,1.261262452362549302e-01,3.083681426165342021e+00,8.024274015762712375e-01
1.393585129121082957e+02,1.263423581790809003e+01,1.610403502778007123e+02,1.220941666604502818e-01,1.172177473759850708e+00,8.395434686353743237e-01
3.171535384465823171e+01,4.934673038599601824e+00,1.529335431824657974e+02,6.347135506071435174e-01,1.604334477719798091e+00,8.078721691671676419e-01
1.259675651907214728e+02,6.742887144173975500e+00,1.984840907526402134e+02,1.384035728572819146e-01,2.544445180775981363e+00,8.201535023327133356e-01
1.943577671930702024e+02,2.337307305719610184e+01,7.688593097146529942e+01,3.824369259369551632e-01,2.295596642296754197e+00,8.037904379721938497e-01
5.343053892794608828e+01,2.079364594697779367e+01,1.716458217293349264e+02,3.069388244401085597e-01,1.001378553852419362e+00,8.068150934250573059e-01
7.110139743911368271e+01,5.556612859361609758e+00,6.565516367880917414e+01,1.725311129153143108e-01,1.229577989251309234e+00,8.362359000172447931e-01
9.365438683593636426e+01,3.417240845772532953e+00,1.011189125384160832e+02,1.000000018832644388e-01,1.000000006407487874e+00,8.321877543030524738e-01
7.403756592373628109e+01,4.128110603271895940e+00,1.205408428575158268e+02,7.308308206260131223e-01,1.569161589820933012e+00,8.115349534156424127e-01
1.825612532646414081e+02,2.804819906817656694e+00,1.268656116691611402e+02,1.548987360616045916e-01,2.256233162685792326e+00,8.275372837987108321e-01
7.456573231822395087e+01,4.276684339198915552e+00,1.738680662314531560e+02,1.885063960279736439e-01,2.015386036448775453e+00,8.124448188593241804e-01
1.027002232012706742e+02,2.071759168774207183e+01,1.972187528557899725e+02,2.369985074316921514e-01,1.316357070906400528e+00,8.084772671131681410e-01
1.269949454602383554e+02,2.025491213797712930e+01,1.814661732200701465e+02,1.975075769153850080e-01,9.129677491495852948e+00,7.953214856658137322e-01
2.624349380398220077e+01,2.254413525233852056e+01,6.697682649881082284e+01,7.893275771123436924e-01,1.735845996074141695e+00,8.011780459271895527e-01
2.215100924673195948e+02,8.467555797640558879e+00,6.644111360980377867e+01,3.108684827831870723e-01,1.577679027845610094e+00,8.162050317631213137e-01
1.577095088016040165e+02,5.416804580609725583e+00,9.694098689187421769e+01,1.000000099106408691e-01,1.000000010176945731e+00,8.342101353020409116e-01
