# n_estimators, min_samples_split, max_depth, max_features, min_samples_leaf, target
9.879699555129990074e+01,1.775832086318283132e+01,1.584432026914097662e+02,1.401253481625408803e-01,9.638958148584039876e+00,7.242245990095415031e-01
9.725083653609470957e+01,1.367579365796743218e+01,1.747410955026690260e+01,8.522127828859373810e-01,5.011706051808305418e+00,7.382905058039038737e-01
1.821815081618093473e+02,1.002966160677978280e+01,1.754048278681736690e+02,7.480115915424458972e-01,3.357792414960786953e+00,7.720933636561920776e-01
1.110710030486923898e+02,2.314729282446672798e+01,1.482400602901675200e+02,2.876622504788604040e-01,9.140312407321665944e+00,7.410032856415070812e-01
1.321285976639054525e+02,5.606787943665585416e+00,4.870805955607959703e+01,8.812824745485162703e-01,1.820871960868293726e+00,7.975820110321514278e-01
1.831449166727889803e+02,8.914295003671234952e+00,1.957570155263372556e+02,3.104749392502356153e-01,1.802360668987289305e+00,8.147016222125529339e-01
1.576070409392119842e+01,2.258701766915284281e+01,1.039153469293073613e+02,7.421177895943738001e-01,4.936088299616728570e+00,7.506934043876738460e-01
7.639985412282582899e+01,8.609992015297780910e+00,1.520244993473529291e+02,1.248838889336864044e-01,1.552429559882980037e+00,8.146846861927908856e-01
5.418671101436900273e+01,5.683643090400765985e+00,1.523373870747146270e+02,7.180582578140819461e-01,7.861538208798449112e+00,7.540603730422232864e-01
2.704653635870670314e+01,9.970044026489095046e+00,1.165418781471600624e+02,4.683777412680955043e-01,7.821376432180320748e+00,7.544071779544552214e-01
2.500000000000000000e+02,2.000000000000000000e+00,2.000000000000000000e+02,1.000000000000000056e-01,1.000000000000000000e+00,8.186869865351227293e-01
8.966853409599605129e+01,2.000000000000000000e+00,1.028859689219229523e+02,3.339774498057113128e-01,1.000000000000000000e+00,8.149845657070589056e-01
2.500000000000000000e+02,2.500000000000000000e+01,3.000000000000000000e+00,1.000000000000000056e-01,1.000000000000000000e+00,6.058539326383787227e-01
1.000000000000000000e+01,2.000000000000000000e+00,2.000000000000000000e+02,9.989999999999999991e-01,1.000000000000000000e+00,7.895520531780608753e-01
2.145537276345052931e+02,2.500000000000000000e+01,2.000000000000000000e+02,1.000000000000000056e-01,1.000000000000000000e+00,8.170316653238437477e-01
2.344365704102088728e+02,2.000000000000000000e+00,1.999999999999999432e+02,1.000000000000000056e-01,1.000000000000000000e+00,8.166746575713768053e-01
1.343848506868748700e+02,4.729557061037121812e+00,9.808573458288913116e+01,2.668142392338679891e-01,1.000000000000000000e+00,8.173599990607636201e-01
6.550337405686451575e+01,1.824560582344121684e+01,1.206113742210295499e+02,1.000000000000000056e-01,1.316515607826622691e+00,8.083419304824580598e-01
1.322350496792442520e+01,4.074115499573014887e+00,8.465501302319488275e+00,9.427394701937711341e-01,1.000000000000000000e+00,6.371844745275264676e-01
1.149416410106383069e+02,2.254426960443527861e+01,9.693834000412388718e+01,8.017764448933293320e-01,1.983831356743376517e+00,8.019519904937805199e-01
1.061472854557465268e+02,2.499999998650877941e+01,1.999999999940610564e+02,1.000000058895563482e-01,1.000000000000000000e+00,8.116617312157780040e-01
1.427322190641346822e+02,1.123617070579414623e+01,1.926335778789583628e+02,8.346374252229384894e-01,1.000000000000000000e+00,8.015915928223440456e-01
1.062796129455182523e+02,1.180029830962349280e+01,1.281698604674514286e+02,2.641907748615759943e-01,1.237668339669118378e+00,8.073065844651227119e-01
8.435453985482349992e+01,8.795192812797711923e+00,5.475614390076601978e+01,1.000000000000000056e-01,1.000000000000000000e+00,8.123782295442018020e-01
1.722327571062771767e+02,7.375642585448303201e+00,1.979935785485285180e+02,7.589576874571331011e-01,1.308446517927152275e+00,8.039143601622447122e-01
6.627483421436146216e+01,2.008649915811694608e+00,1.062190148787175019e+02,2.426770767509999205e-01,1.000000000381687792e+00,8.133616300730013293e-01
1.283728301437613517e+01,1.710636118414252493e+01,1.435579260003024729e+02,9.989999999999999991e-01,1.424233924834820586e+00,7.841667487213340726e-01
7.527993978372259676e+01,5.810283026605037371e+00,1.930251320294507877e+02,1.000000111994441832e-01,1.323422185412452823e+00,8.232916814706061626e-01
2.453619732338875394e+02,1.657948418226552789e+01,1.029060966930794905e+02,9.406055423877395238e-01,1.559274179082863920e+00,7.939407790280111898e-01
1.937775228116656479e+02,1.007958685878988803e+01,8.369607379001391223e+01,5.313603294708730829e-01,1.607834442401600228e+00,8.119553281701528125e-01
2.352537756382838552e+02,1.243174448307931002e+01,1.451875961449661361e+02,6.717670035210482338e-01,1.000000006158012988e+00,8.069262428964366629e-01
1.686879093319749074e+02,1.633660037554192712e+01,8.055038479394124806e+01,1.998678999147411872e-01,1.707029537168246902e+00,8.210204128720061112e-01
7.633176376749244696e+01,1.994880743449873606e+01,1.888406882049226567e+02,5.238124760012510261e-01,1.140339309143401092e+00,8.056350481774199324e-01
1.796079592010743227e+02,1.537104261352856405e+01,1.019930014533956353e+02,9.097460762372973075e-01,1.743737309259409507e+00,7.935635968802677853e-01
1.487729677746957009e+02,9.474740552818031958e+00,7.261009021176523959e+01,4.720175066934114150e-01,1.087045223509487624e+00,8.086107732835567941e-01
1.798967824314659651e+02,2.033821620326780533e+01,5.124534938811309814e+01,3.044806796367632296e-01,1.255130759425222786e+00,8.070440850417883727e-01
1.750594878278594138e+02,3.034204574454437697e+00,7.422492801961047348e+01,1.000000000000000333e-01,1.056832858106836914e+00,8.180488961875187481e-01
1.889520307250324151e+02,2.049110222952194960e+01,7.261985233269811602e+01,6.072840269862262996e-01,1.084174173297346666e+00,8.019384822752364528e-01
9.678016613515060840e+01,1.526334991283309606e+01,6.130884954715099866e+01,7.879744950401040837e-01,1.015766608146957628e+00,7.979293748029793187e-01
5.438042103021494000e+01,3.584819904921965339e+00,1.893959043812161838e+02,4.707516987363715710e-01,2.351427270482215004e+00,8.009118054434575251e-01
2.436740865681381933e+02,1.053280075075919164e+01,1.595005880498289912e+02,7.017443457942326157e-01,1.997977107583318146e+00,8.079485101833119298e-01
7.685087388203892544e+01,2.000000000000000000e+00,1.999535734663201367e+02,7.240549544279144545e-01,2.217024820864731183e+00,7.915332377874870762e-01
2.395587807448195292e+02,6.446883230990692049e+00,1.220394169619985973e+02,2.799168845576446851e-01,1.664557493061783688e+00,8.153599489295672020e-01
6.962276583262601548e+01,9.920809357359679836e+00,1.743091752364042009e+02,5.259326154292659483e-01,1.322685054059791199e+00,8.133302093738968841e-01
5.817400850865306694e+01,3.108529473360566175e+00,6.436760228040169807e+01,8.727666277798341588e-01,2.207658420884536454e+00,7.764860725977825728e-01
2.294003741390452262e+02,5.100962063476339736e+00,8.476556576672544452e+01,6.447021213292257746e-01,1.179987605279679164e+00,8.069547307598430308e-01
2.572329124330128280e+01,2.483540912524729194e+00,1.696500011030080373e+02,7.746644413142644847e-01,1.222115744742773957e+00,8.009507670047675276e-01
2.464560557489809582e+02,2.871925341791201181e+00,1.454705276916932348e+02,1.159150222015199044e-01,2.095918145322226867e+00,8.016353218436403916e-01
7.868368682714078943e+01,6.700862211059978257e+00,1.645112798697054188e+02,1.545008166018605189e-01,1.000000000000001998e+00,8.216709447602251748e-01
1.546763106542939852e+02,1.069039937872573809e+01,1.023896600838879678e+01,7.052755696652237560e-01,1.995608141209319841e+00,7.054548120437260650e-01
2.219964752057571786e+02,2.196164498786723041e+00,1.592823177000575470e+02,7.316422990318994790e-01,1.004174326334796863e+00,8.109907025024106764e-01
1.618648384981551658e+02,2.481420100387943606e+01,8.112651562890978596e+01,7.175670605798993851e-01,1.411652955173413160e+00,7.995939276520955818e-01
1.888295143595629213e+02,2.398931705187022700e+01,1.957141649408548574e+02,6.908815775262672210e-01,1.334044109495928776e+00,7.972369991144570012e-01
2.228693139700691859e+02,9.534669643527323046e+00,1.109181927809904238e+02,6.221553509283147543e-01,2.718228751606387661e+00,7.858386636620858789e-01
1.979606211224689218e+02,5.581748672398444633e+00,1.916308845655446191e+02,8.881753200463783360e-01,1.819405711509949786e+00,8.025938937848003940e-01
9.594540892311916025e+01,5.611542855051111722e+00,1.777279545105285194e+02,8.684726297124704120e-01,1.061434601147457135e+00,8.015792638770552481e-01
2.469056353991246340e+02,5.243523215737231347e+00,1.744305736086958802e+02,2.707594282538158814e-01,2.649789006238143951e+00,7.912499273119714127e-01
2.373614763055890364e+02,2.357027120066912218e+01,1.866973758948261946e+02,1.000000000000000056e-01,1.000000000000000000e+00,8.187072507294596013e-01
7.922381999633735461e+01,5.660174985380185042e+00,1.441397648719541280e+02,1.000000167581396870e-01,1.093461644583029191e+00,8.229689419740890965e-01
1.485802580985936743e+02,7.368684138896126612e+00,1.530077248490703994e+02,1.000000079886695648e-01,1.260014190041609305e+00,8.180263255028401570e-01
1.209228741598335546e+02,3.477017444111202948e+00,1.169932964600948253e+02,4.471171132596262199e-01,2.791147176315981859e+00,7.925157986171853519e-01
1.341509523432112303e+02,1.602421528127650063e+01,1.673454699789157871e+02,1.438002611047186907e-01,1.235409709075776963e+00,8.183868407982636262e-01
2.489497645424193308e+02,6.513015186873154505e+00,1.073272976949265143e+02,2.931421143437670240e-01,2.012234078199181209e+00,7.976142722175235678e-01
1.647340673145041592e+02,2.029923849145541581e+00,1.061454571123264543e+02,4.895648299569763662e-01,1.349307877634473352e+00,8.072520570434967846e-01
2.122224801572336048e+02,9.004414322236513613e+00,5.678168692018903130e+01,6.323923775809222603e-01,2.487679486269359863e+00,7.851763997991616506e-01
1.270683921205352931e+02,1.604081672317294860e+01,1.470324398216535542e+02,6.509132153899227502e-01,2.064506017740422639e+00,7.818330012501985005e-01
4.314119839749390195e+01,2.715016278361667812e+00,1.198834251180361150e+02,6.072872863507421393e-01,1.669176311419640957e+00,8.059188771774007387e-01
1.450255892452036335e+02,1.010808467113662523e+01,1.650956920158478169e+02,1.219539189649666566e-01,1.668786177741646393e+00,8.086857472782348344e-01
1.926303347459019619e+02,2.387709671742819229e+00,1.358588182143671474e+02,7.618773794582117675e-01,1.236166072348569234e+00,8.025865676219572364e-01
1.003394214699887499e+02,7.907395257647492848e+00,7.618711459408926601e+01,7.167178901271500369e-01,1.143875943562113529e+00,7.995842667804009540e-01
1.185550926546837189e+02,2.438583775901016537e+01,5.963367046935118054e+01,1.000000000000000056e-01,1.050748543627241682e+00,8.083048133740428076e-01
1.482009602351930369e+02,1.345085548709902845e+01,1.180335350734658988e+02,1.000000000000000056e-01,1.000000000000000000e+00,8.190235503557750096e-01
7.457388218963892257e+01,1.960328822722993891e+01,8.191863460475437364e+01,1.826344545439721190e-01,1.687762637845950930e+00,8.023279489320003233e-01
1.503601618346329474e+02,1.509630872380599520e+01,1.577005188717111253e+02,6.152187907128814359e-01,1.000000037413486087e+00,8.029165543022582785e-01
7.913645436881650141e+01,7.895644516083433651e+00,1.336620949121753483e+02,5.643242086352329157e-01,1.188606836508706133e+00,8.143149925468599060e-01
1.204096523770262195e+02,2.454339987958524105e+01,1.964240006557450329e+02,1.000000718679776995e-01,1.460576336272428000e+00,8.099681596334302736e-01
2.478343125158278326e+01,2.322849606201027228e+01,1.951930500410222464e+02,4.348721516463692760e-01,3.005433662521059368e+00,7.613784124407588783e-01
2.448428549583279050e+02,2.227831871118731399e+01,1.284349067032320022e+02,8.016799039719506581e-01,2.086118040327797019e+00,7.774823047476737692e-01
1.679707432059401242e+02,3.007912694517058672e+00,8.523460640103607489e+01,1.040172734800900584e-01,1.940954364032906332e+00,8.147195018395254618e-01
1.362290555164450438e+02,2.077651573766559778e+01,1.043562431252042018e+02,3.799065190731559793e-01,1.247379027016605635e+00,8.083353139100122320e-01
2.126056051185338447e+02,3.731365800747928674e+00,7.419279582579903831e+01,8.207660349486674001e-01,1.833544952590345112e+00,8.009417318551068643e-01
1.180640703413234576e+02,1.755929336805193586e+01,1.866219362947256855e+02,4.257827646760578011e-01,1.164183493636436140e+00,8.052790388044679393e-01
2.466469414092034071e+02,2.314570405423296151e+01,1.967995815341119794e+02,5.741206753007230823e-01,1.036052640303884997e+00,7.992661576630757381e-01
1.724563538943329490e+02,1.939866227062956483e+01,6.591027772278087582e+01,5.802966465395861251e-01,1.160057395373289779e+00,8.035803635418984348e-01
1.719010488679294042e+02,6.861356393703455403e+00,1.281090542781432191e+02,2.934157111439061882e-01,1.149995995277107941e+00,8.113632656239040397e-01
4.967725937847276185e+01,6.772558936726853496e+00,1.391622914371600075e+02,4.110286499523813086e-01,1.279971772977498423e+00,8.126265706308481995e-01
1.034243930031225034e+02,1.967889583149825228e+01,1.020691110107162132e+02,1.095711475175969035e-01,1.023769935651142271e+00,8.189755134255427560e-01
2.159716478990401640e+02,1.793993274858983256e+01,1.644269032314614662e+02,1.919829166636327633e-01,2.028563204831436373e+00,7.855261159070886512e-01
1.629232125257227324e+02,1.303904146558875432e+01,4.474739131905929668e+01,5.964259218418905828e-01,1.331191653593535085e+00,8.119767769206323038e-01
5.231391021109988770e+01,8.500894708766942642e+00,1.725352944078257451e+02,1.002776820426608262e-01,1.578374640598289913e+00,8.153167691935105932e-01
2.214012547753738147e+01,2.000000000000000000e+00,1.097459164009726038e+02,1.000002260876311638e-01,1.000000000000000000e+00,8.203140215147026737e-01
2.262509988152145866e+02,6.836260632245452662e+00,1.466255600358681761e+02,2.411066131118964340e-01,1.000000081993091872e+00,8.207101547417823273e-01
8.620372473410411374e+01,7.841160898578265481e+00,1.818287305104393852e+02,1.640764272273183555e-01,1.227168534020842250e+00,8.176921412208912887e-01
2.433847550576779781e+02,2.172855014475225843e+01,1.653960478952357391e+02,1.000000000000000056e-01,1.000000000000000000e+00,8.176446798754664069e-01
1.281023700395135450e+02,1.061045883752260899e+01,6.780751158686622659e+01,1.000000000000000056e-01,1.082597047371366195e+00,8.176724017114557208e-01
1.712532487461596133e+02,5.321372639300190777e+00,8.095206148178799310e+01,3.444313618800851073e-01,1.100022223324650383e+00,8.116410488862989547e-01
2.375497343245680071e+01,7.942973061934792689e+00,8.078296673704200259e+01,1.000000000000000056e-01,1.000000000000000000e+00,8.126501121243411285e-01
7.525384693216689413e+01,1.399991875837416444e+01,1.137569617445231813e+02,1.568673603833159735e-01,1.000000000000000000e+00,8.093630692566273765e-01
1.516455279754488856e+02,1.764830638015738629e+01,8.546583046138060524e+01,1.000006604804791754e-01,1.355698575619861845e+00,8.213352957049508962e-01
1.735742928491546309e+02,4.154008648766525980e+00,1.447785222970848622e+02,2.784174628243735183e-01,2.146563461164970210e+00,7.932874558806093379e-01
1.607733621269422883e+02,4.635350774454386702e+00,4.833609258131194508e+01,1.876925927637456692e-01,7.346538304035337141e+00,7.453004541188263943e-01
6.057030912269856771e+01,1.129107681912978656e+01,1.510576788820469005e+02,1.548374421429890013e-01,1.753971029307743512e+00,8.090083460757853118e-01
7.305960143988239963e+01,4.402284286293388860e+00,1.875856566072423277e+02,2.498771947650850200e-01,1.480060752225219600e+00,8.200624094531809849e-01
9.793953344233224811e+01,2.000000000000000000e+00,1.568142538544082925e+02,1.655061898928462949e-01,1.784262919885733156e+00,8.123318347373492676e-01
2.483499544499790375e+02,6.606373460098075689e+00,7.928647427753506349e+01,1.000000000000000056e-01,2.209182721672456662e+00,7.969731040692735746e-01
8.992639479685624337e+01,3.333042779740958750e+00,3.069445168831034465e+01,1.594992413199645687e-01,1.739837644624021795e+00,8.126432942892840572e-01
9.031751686670861545e+01,4.323034094025529406e+00,4.364576764757196514e+01,7.173828432182097758e-01,1.000000000000000000e+00,8.056052349440353533e-01
4.233021549487420288e+01,1.179999621302892976e+01,1.020062207094145350e+02,1.000010960199993609e-01,1.236224778435649707e+00,8.093658955425662160e-01
8.942093175522241211e+01,2.143727298867071340e+01,1.371238056171217181e+02,1.000002766731346165e-01,1.159311976506162356e+00,8.136254709692030129e-01
6.493041233473319096e+01,1.920224923913637483e+01,4.318468801636105070e+01,1.000000000000000056e-01,1.000000000000000000e+00,8.133571072604744989e-01
