# n_estimators, min_samples_split, max_depth, max_features, min_samples_leaf, target
1.388629339310686817e+02,4.093574983502703546e+00,3.546370839662387908e+01,8.634589810450306047e-01,3.008801348130406783e+00,8.218286759339268333e-01
1.903978961018357268e+02,5.411507835230377594e+00,3.177263549434353607e+01,3.599427452314746256e-01,1.596669635771614582e+00,8.415561390704215938e-01
8.171401739137911591e+01,2.370465281619853481e+00,1.499049271654212987e+02,3.914474422864344660e-01,6.998679242851788551e+00,8.168080245411811768e-01
4.121297044079905447e+01,1.822655104423520811e+01,1.039380316028167073e+02,2.811880155198123177e-01,9.095750632506931055e+00,8.077560870574351792e-01
1.809575615562254995e+02,1.611661295854710119e+01,1.264530208761503047e+02,6.425348100531579343e-01,2.344261555048844148e+00,8.315271404322670534e-01
1.319673989001234986e+02,9.600544922531252467e+00,4.746880359086845402e+01,4.775892146171711872e-01,6.105206190382598486e+00,8.101123312723886860e-01
1.196237082700272367e+02,2.271752360791355585e+01,2.219014573310731464e+01,6.454811461734081268e-01,7.483704852782032013e+00,8.007511122669551673e-01
1.867462655385775179e+02,1.825047427839735548e+01,1.495599435924258671e+02,4.056110551832753375e-01,8.237046484804247726e+00,8.094322474923307809e-01
1.828091181484951164e+02,1.559321252026833093e+01,1.290614845533178823e+02,7.351324075148158999e-01,7.588915216301769462e+00,7.984060536404895547e-01
1.588090483649635303e+02,1.265527020333255059e+01,7.860098047820662259e+01,1.089160322284980498e-01,9.903040749475627180e+00,7.883580395019057496e-01
2.500000000000000000e+02,2.500000000000000000e+01,2.000000000000000000e+02,1.000000662808946394e-01,1.000000000000000000e+00,8.361915308316764106e-01
1.020383468594618250e+02,2.274055679914710026e+01,1.969380478431264692e+02,3.960059081161207417e-01,1.000000000000000000e+00,8.452401126388761066e-01
2.387759317899364078e+02,2.910246317117672010e+00,1.340554050426169752e+01,1.329797317820379798e-01,1.000000000000217604e+00,8.060653853575054928e-01
1.666098148412265516e+02,1.709137709174694564e+01,1.889468617119308647e+02,5.534494609993798608e-01,1.000000000000000000e+00,8.435695449982242300e-01
1.494017958697490656e+02,2.498460374438842635e+01,1.312894578416584466e+02,2.936029972141490640e-01,1.000000004771373296e+00,8.415427163642362762e-01
1.000000000000000000e+01,7.915446236649740008e+00,1.796201756564703942e+02,5.857511307572863535e-01,1.000000000432253566e+00,8.405656552098277334e-01
1.232402979755436156e+01,1.278995907982034197e+01,1.802123154920490222e+01,2.856501263469153340e-01,4.086506074915150499e+00,8.251563885090449357e-01
5.945532037212826282e+01,2.500000000000000000e+01,1.696128316206492173e+02,1.000002405347618917e-01,1.000000000000000000e+00,8.311854207039649500e-01
2.365606881401623411e+02,2.259316999331916875e+01,1.287000545314189139e+02,9.989999999999999991e-01,2.037167521634200451e+00,8.215149201768442433e-01
1.915772925164369553e+02,2.365995252828458817e+01,1.557580065840060115e+02,3.007465147569468589e-01,1.728651964266577412e+00,8.458844025357729057e-01
1.000000113315018346e+01,1.163952022790672736e+01,5.385405044370406102e+01,1.226914521861571239e-01,1.000000000000000000e+00,8.268538015620674475e-01
1.965060585325242641e+02,9.294984961599086049e+00,1.507198077367940243e+02,4.132264386186874638e-01,1.011381899890143599e+00,8.449039857048179503e-01
6.862077634178091046e+01,1.522362967492290764e+01,4.406584582362236269e+00,1.000000000000000056e-01,1.000000004893561112e+00,7.452180211016126155e-01
1.597468170187862029e+02,1.868179113424998050e+01,2.736616314596921384e+01,5.599099736668927685e-01,1.112262080129266639e+00,8.348615643604778702e-01
1.466029396060793317e+02,1.388667958127385837e+01,1.800467548808046558e+02,9.850689399229849430e-01,1.140425121949799836e+00,8.291988601885330601e-01
8.687212473750868469e+01,3.329246254754269163e+00,1.870142285664842348e+02,9.989999999999999991e-01,1.000000000000000000e+00,8.335416649189184568e-01
1.217682435138475405e+01,2.920695898002517055e+00,1.187238978374463301e+02,9.507334675654254275e-01,1.869022398289131193e+00,8.238331333909391097e-01
1.716207463486399831e+02,2.499999996464594787e+01,1.999999999970072508e+02,9.989999880856832437e-01,1.000000011508072051e+00,8.318845199844521199e-01
3.373610208112560116e+01,8.035662937817708240e+00,1.997538958337838153e+02,3.950958446768042531e-01,1.899356787790570156e+00,8.422295114973866736e-01
2.415446871137602614e+02,8.483375130531953801e+00,1.635606077129779976e+02,8.447837733508407609e-01,1.294039638619061128e+00,8.382239522599082004e-01
1.091883535819190953e+01,2.021734900989083883e+01,1.933179851728941401e+02,2.611001999313172228e-01,1.787966386068535529e+00,8.408715810549688419e-01
1.854810048089201473e+02,2.362457864031436827e+01,1.625495400894587021e+02,3.657157696684371073e-01,1.086639480628118770e+00,8.485745365670869234e-01
2.256486010569996949e+02,1.019215203914211010e+01,1.976346987598408589e+02,9.989999973602352590e-01,1.000000000000000000e+00,8.312145032340334527e-01
9.530648896077211418e+01,1.824026632612741494e+01,1.119932674192077400e+02,3.349599556716905124e-01,1.791286344351501691e+00,8.459022994773534032e-01
2.094009525159087843e+02,1.611950904405262364e+01,7.843117285622712131e+01,1.058208090513517718e-01,1.165466919480361074e+00,8.375371571267578030e-01
2.251095394985656242e+02,2.483658209790624127e+01,1.634100693323801750e+02,1.853869903179563017e-01,1.667984737507969939e+00,8.412065894301783420e-01
9.511040243932667693e+01,2.457663200131793246e+01,1.494686663039189227e+02,1.000000571808462718e-01,1.244015322573490234e+00,8.331842853667333904e-01
8.530155009619085149e+01,2.377006724000734650e+01,9.766789350581811391e+01,7.887178461039278110e-01,1.394937042449190479e+00,8.382205965833620098e-01
1.867212247755258545e+02,2.364024827109873428e+01,1.773724681614252177e+02,5.038832822971727188e-01,1.015721049297979128e+00,8.452367569623296939e-01
1.894227113234874196e+02,2.235598396777515973e+01,6.952260258429417661e+01,1.000001423427868408e-01,1.000000427845997519e+00,8.355248697578039341e-01
1.942423359131021243e+02,1.056954189182974879e+01,1.729917729779275248e+02,8.416239383503842930e-01,1.444024079037719677e+00,8.355550708467210930e-01
9.071375078859237817e+01,2.886230749856763644e+00,8.939477154401538428e+01,8.778773809435070907e-01,1.020838675016564334e+00,8.335405463600696896e-01
5.859226124895265997e+01,1.639527357451485656e+01,1.979190499142249564e+02,5.740165430560543181e-01,1.256941944311761317e+00,8.422317486150843191e-01
1.381778658516227836e+02,6.485523340520030544e+00,1.328704341748005788e+02,1.038278103549750142e-01,1.254536760204676860e+00,8.365298948834322124e-01
1.240585081904174416e+02,1.788967061130963643e+01,7.984059528610590917e+01,5.623704029601473975e-01,1.034101830151789470e+00,8.395528001722579736e-01
1.785755170915165309e+02,1.974653297644171701e+01,2.136614651179321100e+01,1.000000000000000056e-01,1.000000000000000000e+00,8.110938666621925197e-01
2.389575468594374286e+02,6.751962543424951058e+00,7.323442452260729851e+01,2.299566166087074204e-01,1.230100387945813889e+00,8.425410301367717292e-01
1.892904888987063146e+02,3.160718359945043243e+00,6.836025083496132027e+01,9.251838388030338978e-01,2.684569051667687223e+00,8.335483762720110601e-01
1.992648010834363390e+02,1.176227858813891025e+01,5.856715781308221835e+01,4.404379269953603848e-01,1.209356528222645499e+00,8.449073413813643629e-01
2.278484870703349259e+02,3.949686006449526054e+00,6.525859887185528407e+01,2.145949866626173097e-01,1.066298872152422028e+00,8.388671235979563434e-01
1.711836534390874647e+02,1.487016829276285357e+01,4.639285785313898458e+01,2.542409430451006425e-01,1.000000015944809251e+00,8.502417485311924983e-01
9.425639677202967448e+01,7.297173852134646310e+00,1.163448199625653103e+02,8.012401335922609835e-01,1.112300397282825593e+00,8.335394278012209224e-01
1.339874633949036138e+02,2.125893456349351851e+01,1.195726514158683358e+02,8.624046089968697704e-01,1.159945721368601079e+00,8.355528337290236696e-01
3.962794751559119533e+01,2.049375822033982608e+00,1.727885368131212260e+02,1.772472534191821270e-01,2.318460948809262234e+00,8.341859548158152560e-01
1.393231760917086604e+02,2.284466173979282289e+01,4.655363372997831561e+01,9.508256284742286901e-01,1.204507175686184262e+00,8.332156050144993165e-01
2.321357071172111830e+02,2.718796363530455285e+00,8.985305668410346414e+01,4.924612746084922610e-01,1.545387764974030187e+00,8.445734515650036300e-01
2.075781529499728322e+02,2.398147564634041373e+01,1.508201405903045611e+02,3.095088205680600058e-01,1.323434471780135624e+00,8.519145532895417983e-01
1.125070203318121287e+01,2.253076673833972521e+01,1.675447376410705544e+02,6.879534704503694753e-01,6.625421879720549079e+00,8.010905948775597363e-01
1.579759542128607848e+02,8.398811304447370674e+00,1.543318404390296905e+02,8.890350993038705907e-01,1.583712981912869910e+00,8.425689941079912426e-01
1.649574893044508883e+02,6.821213251935517086e+00,4.458972391102435751e+01,3.145511339330354095e-01,1.647588122067620064e+00,8.462373078525626813e-01
2.035080273759953968e+02,5.991335656917880392e+00,1.258201542544318272e+02,3.238276884104627218e-01,1.192530274824703973e+00,8.428827498650738326e-01
2.524609701733114520e+01,3.690213619117097554e+00,1.990540103464466597e+02,3.056282540405416137e-01,1.558603031614746559e+00,8.305265895420340660e-01
5.079552904257633372e+01,1.404235261251838196e+01,1.199993262454664062e+02,2.893768523112252855e-01,1.651673525854219005e+00,8.449062228225153737e-01
1.961481365883298054e+02,1.633433728286452791e+01,1.414330040616494841e+02,4.188015318420093558e-01,1.486915735493773649e+00,8.475762227945515814e-01
1.602114374437827848e+02,1.107568677938975910e+01,5.580981258121413191e+01,7.124904042652251412e-01,1.051957252446467539e+00,8.405634180921299770e-01
1.717160999537591977e+02,1.916141600517974197e+01,1.572898780690361775e+02,5.158351712502332598e-01,1.636290656612409800e+00,8.439023162557361957e-01
6.957882688419473993e+01,1.998587949566805477e+01,1.060184469672624061e+02,1.000000000000000333e-01,1.000000085663974581e+00,8.355248697578041561e-01
6.426805317873176193e+01,5.710253658035141733e+00,1.276909941548630627e+02,8.743483829177607358e-01,1.379745631242671688e+00,8.315349703442084239e-01
2.454720799612865676e+02,6.459000878276406787e+00,1.818551932589404601e+02,3.171661218406364724e-01,1.292149728480365134e+00,8.469073246029814594e-01
1.524720746899868828e+01,2.239529353038506088e+01,1.048881247302403779e+02,4.366014608892525573e-01,2.218918500510177250e+00,8.348626829193268595e-01
1.063042621587518113e+02,2.105676621549983452e+01,6.237913307199138302e+01,2.250911818476596937e-01,2.633772497954398606e+00,8.288314136067091997e-01
4.120354637479147186e+01,5.606031158033736084e+00,1.372840296267642088e+02,8.126497447823317621e-01,1.408380318282365540e+00,8.298778254097420870e-01
1.080419351375318939e+02,2.127101087878546437e+01,9.568798182036535138e+01,2.121752799231416964e-01,2.829953348959630688e+00,8.281524483855001728e-01
1.527674578025261667e+02,2.414516309039488817e+01,1.592222971453345792e+02,2.437209600795642306e-01,1.600439654484806962e+00,8.458899953300168528e-01
1.308103612590902287e+02,1.675856349584486082e+01,1.510397150348154298e+02,2.451759531843056006e-01,1.055730816870654953e+00,8.428760385119812293e-01
3.829639212927595793e+01,1.157769103616390183e+01,1.945925930072636163e+02,6.393485621822513343e-01,1.285821941890654907e+00,8.422328671739330863e-01
1.826938542073415022e+02,6.499718692513548390e+00,4.721271488206893707e+01,3.020972864530510060e-01,2.459255696745534792e+00,8.385276409873518855e-01
1.116118434603743310e+02,2.346101808881910600e+01,1.669798555860166118e+02,3.487753164786692728e-01,1.013553336362067236e+00,8.479145868463072722e-01
9.695656683943764165e+01,1.920464205810198166e+01,1.874122178491671775e+02,4.927086528779849872e-01,1.183419125830291962e+00,8.432311809464685393e-01
2.484223497876765805e+02,3.247367157417363259e+00,1.073173800137525973e+02,5.343601463684929387e-01,1.640207187387258125e+00,8.432311809464685393e-01
1.634316468830979829e+01,5.130529913924999796e+00,8.916713621974588477e+01,4.454989884715600534e-01,1.221111040528596092e+00,8.305198781889414628e-01
2.002848733500546246e+02,2.209127490812674210e+01,1.368666674162814729e+02,5.969108851851222530e-01,1.155457128279576473e+00,8.425656384314448299e-01
2.416071607929124809e+02,1.658120682179660932e+01,9.759306521774330179e+01,5.953260983755893632e-01,1.068967800294438275e+00,8.412311977248514427e-01
1.726194898363083041e+02,1.547208442101807258e+01,9.782698005167124222e+01,1.000000000000000056e-01,1.050269120282341762e+00,8.335181751830941232e-01
2.049423958119215570e+02,2.350159413373359385e+01,1.666543959327686082e+02,8.000750626078469985e-01,1.470048908592872294e+00,8.439067904911311535e-01
1.982782565323835797e+02,7.875880188689302841e+00,4.707747434908986151e+01,2.841425684298400922e-01,1.296453273253624250e+00,8.452255713738419107e-01
1.468505312413723729e+01,2.371869273788886545e+01,3.159749923899007129e+01,9.035221107074412616e-01,1.379340019478097590e+00,8.077762211167133222e-01
9.871697744206944947e+01,2.162286861247472913e+01,1.203378136968874230e+02,2.378312175519268212e-01,1.135898638212148981e+00,8.519145532895417983e-01
5.787306293688560288e+01,2.257868628133242339e+01,1.326479732101269633e+02,4.826070026790237888e-01,2.338062772206261464e+00,8.315260218734182862e-01
1.139951659045046881e+02,2.095571153045402468e+01,1.809817670404706575e+02,1.533833523451931524e-01,1.466055364841330366e+00,8.395281918775848728e-01
4.735267149185648350e+01,1.507942437349796982e+01,1.082140057515462246e+02,5.332332826809390580e-01,1.085663605875405890e+00,8.388939690103270896e-01
2.026265199488151154e+02,2.365900469467654332e+01,1.572842594739996969e+02,2.608540501408805889e-01,1.164735231192833842e+00,8.465667234335283453e-01
2.176387684791277195e+02,9.524087651085011430e+00,1.531519202317094255e+02,3.131804431754642293e-01,1.878064046217994498e+00,8.455684096609928924e-01
2.100308732893825265e+02,1.225735652294314804e+01,1.010392487743953183e+02,9.628885299763297878e-01,1.005031315123228408e+00,8.345522828387904601e-01
2.408195777693121045e+02,2.328832008127614728e+01,4.085057523356218923e+01,1.564064516962171691e-01,2.852556472040729485e+00,8.301669728721515762e-01
1.803576502090484155e+02,5.572669420804039042e+00,1.018061666273017920e+02,6.872541566747829567e-01,1.303812518157452693e+00,8.419045701518163005e-01
9.956918077388202448e+01,2.425414691676002832e+01,1.228817588977203030e+02,7.188174277792218625e-01,1.148748369910297829e+00,8.425667569902938192e-01
2.164946391068909008e+02,2.381820842200709265e+01,1.738552145471194308e+02,1.406795228712838242e-01,1.361787396164543473e+00,8.378598613546307527e-01
4.612800738471436546e+01,2.000000624169483210e+00,6.371577028267117271e+01,2.157316379824617825e-01,1.000000499712750512e+00,8.442294947190041032e-01
2.469733267274538946e+02,2.466241310244472373e+01,6.572252650147063946e+01,1.183322842034365413e-01,2.018492947320731368e+00,8.298375572911860232e-01
3.521800745029279511e+01,2.394533588610769925e+00,3.262856339033713482e+01,6.302924482990240884e-01,4.644470217661793576e+00,8.134870233191555666e-01
1.066764878067730109e+02,6.209266742928150506e+00,4.679156662924919630e+01,6.901315625348948268e-01,1.654544424396538371e+00,8.378967737966404039e-01
2.133654753631204244e+02,1.436487725234873913e+01,1.434288399163541783e+02,8.446718445432774836e-01,1.057951237736173944e+00,8.352200624715117039e-01
1.579907559479926249e+02,3.049527362853726942e+00,1.191874098019048063e+02,1.733682323368264389e-01,1.653857916660192995e+00,8.388660050391077982e-01
4.476669877727772473e+01,2.409486034934262833e+01,1.970180539835730258e+02,6.995285059518948634e-01,1.324299631780335273e+00,8.405589438567349081e-01
8.005592116776348632e+01,1.525652960471126818e+01,6.810766828617116175e+01,6.801644615146531514e-01,1.715037752592503129e+00,8.382217151422107770e-01
1.146237309001764260e+02,9.578780829686472487e+00,1.256746167423004010e+02,5.697570944087519962e-01,1.252195132744711170e+00,8.432401294172588990e-01
9.771768653470202537e+01,5.899526602502491279e+00,1.647094905333877364e+02,3.543462778089297438e-01,2.346578083722853147e+00,8.388771906275953594e-01
9.926195618301169077e+01,6.817613094347703573e+00,1.514381061843957639e+02,5.764882799583106454e-01,1.108513648419886088e+00,8.435740192336194099e-01
6.287125255724111383e+01,5.643177078536250946e+00,5.096515653547605496e+01,1.619069556852080760e-01,3.658152466110073497e+00,8.224718472719748652e-01
